0 241.039947 0.000000 7240745.4077
30 241.292783 -1.720607 7240977.8595
60 241.546279 -3.441026 7241204.5324
90 241.801122 -5.161181 7241425.2326
120 242.058010 -6.880993 7241639.7904
150 242.317655 -8.600383 7241848.0596
180 242.580789 -10.319269 7242049.9173
210 242.848169 -12.037568 7242245.2637
240 243.120584 -13.755192 7242434.0212
270 243.398860 -15.472049 7242616.1340
300 243.683867 -17.188043 7242791.5673
330 243.976529 -18.903072 7242960.3065
360 244.277828 -20.617026 7243122.3560
390 244.588821 -22.329790 7243277.7384
420 244.910641 -24.041237 7243426.4939
450 245.244519 -25.751230 7243568.6786
480 245.591791 -27.459622 7243704.3637
510 245.953919 -29.166251 7243833.6348
540 246.332506 -30.870937 7243956.5901
570 246.729320 -32.573485 7244073.3404
600 247.146317 -34.273675 7244184.0070
630 247.585673 -35.971263 7244288.7215
660 248.049818 -37.665977 7244387.6246
690 248.541477 -39.357510 7244480.8650
720 249.063715 -41.045514 7244568.5990
750 249.620004 -42.729597 7244650.9889
780 250.214284 -44.409307 7244728.2028
810 250.851049 -46.084130 7244800.4136
840 251.535453 -47.753471 7244867.7978
870 252.273428 -49.416642 7244930.5353
900 253.071834 -51.072842 7244988.8081
930 253.938645 -52.721130 7245042.7998
960 254.883175 -54.360400 7245092.6943
990 255.916351 -55.989339 7245138.6754
1020 257.051061 -57.606381 7245180.9258
1050 258.302575 -59.209645 7245219.6261
1080 259.689064 -60.796854 7245254.9538
1110 261.232243 -62.365235 7245287.0827
1140 262.958144 -63.911389 7245316.1814
1170 264.898040 -65.431113 7245342.4128
1200 267.089503 -66.919181 7245365.9330
1230 269.577546 -68.369057 7245386.8902
1260 272.415687 -69.772521 7245405.4237
1290 275.666608 -71.119219 7245421.6632
1320 279.401738 -72.396115 7245435.7278
1350 283.698597 -73.586908 7245447.7250
1380 288.634048 -74.671516 7245457.7501
1410 294.271106 -75.625880 7245465.8855
1440 300.637466 -76.422507 7245472.1999
1470 307.697247 -77.032293 7245476.7478
1500 315.324643 -77.428020 7245479.5693
1530 323.296335 -77.589196 7245480.6896
1560 331.318566 -77.506738 7245480.1185
1590 339.086492 -77.185349 7245477.8511
1620 346.349104 -76.642265 7245473.8671
1650 352.948331 -75.903084 7245468.1313
1680 358.821487 -74.996764 7245460.5937
1710 3.978905 -73.951598 7245451.1901
1740 8.474899 -72.792870 7245439.8427
1770 12.383665 -71.541954 7245426.4602
1800 15.783511 -70.216333 7245410.9390
1830 18.748287 -68.830037 7245393.1637
1860 21.343638 -67.394229 7245373.0078
1890 23.626019 -65.917765 7245350.3352
1920 25.643097 -64.407683 7245325.0003
1950 27.434733 -62.869602 7245296.8496
1980 29.034120 -61.308026 7245265.7223
2010 30.468885 -59.726595 7245231.4515
2040 31.762051 -58.128271 7245193.8649
2070 32.932863 -56.515476 7245152.7862
2100 33.997470 -54.890212 7245108.0357
2130 34.969482 -53.254139 7245059.4313
2160 35.860421 -51.608647 7245006.7894
2190 36.680091 -49.954905 7244949.9260
2220 37.436875 -48.293902 7244888.6574
2250 38.137971 -46.626482 7244822.8009
2280 38.789596 -44.953369 7244752.1759
2310 39.397141 -43.275185 7244676.6047
2340 39.965301 -41.592469 7244595.9132
2370 40.498188 -39.905692 7244509.9315
2400 40.999416 -38.215264 7244418.4954
2430 41.472175 -36.521547 7244321.4466
2460 41.919296 -34.824860 7244218.6338
2490 42.343299 -33.125486 7244109.9136
2520 42.746438 -31.423678 7243995.1514
2550 43.130737 -29.719664 7243874.2223
2580 43.498023 -28.013645 7243747.0122
2610 43.849950 -26.305806 7243613.4185
2640 44.188022 -24.596316 7243473.3515
2670 44.513616 -22.885325 7243326.7353
2700 44.827993 -21.172975 7243173.5085
2730 45.132319 -19.459393 7243013.6259
2760 45.427672 -17.744701 7242847.0590
2790 45.715060 -16.029009 7242673.7974
2820 45.995422 -14.312421 7242493.8493
2850 46.269646 -12.595035 7242307.2430
2880 46.538573 -10.876946 7242114.0273
2910 46.803000 -9.158241 7241914.2728
2940 47.063696 -7.439005 7241708.0718
2970 47.321400 -5.719321 7241495.5399
3000 47.576829 -3.999269 7241276.8155
3030 47.830686 -2.278928 7241052.0608
3060 48.083661 -0.558373 7240821.4616
3090 48.336440 1.162318 7240585.2276
3120 48.589704 2.883068 7240343.5923
3150 48.844141 4.603801 7240096.8124
3180 49.100446 6.324439 7239845.1678
3210 49.359327 8.044901 7239588.9608
3240 49.621512 9.765107 7239328.5153
3270 49.887752 11.484970 7239064.1762
3300 50.158827 13.204405 7238796.3083
3330 50.435555 14.923317 7238525.2951
3360 50.718796 16.641611 7238251.5377
3390 51.009460 18.359183 7237975.4534
3420 51.308517 20.075924 7237697.4743
3450 51.617005 21.791716 7237418.0461
3480 51.936042 23.506433 7237137.6262
3510 52.266834 25.219939 7236856.6827
3540 52.610695 26.932086 7236575.6921
3570 52.969057 28.642710 7236295.1386
3600 53.343491 30.351633 7236015.5121
3630 53.735727 32.058661 7235737.3066
3660 54.147681 33.763574 7235461.0191
3690 54.581479 35.466131 7235187.1477
3720 55.039494 37.166062 7234916.1908
3750 55.524384 38.863063 7234648.6452
3780 56.039143 40.556792 7234385.0049
3810 56.587150 42.246859 7234125.7601
3840 57.172244 43.932825 7233871.3960
3870 57.798800 45.614181 7233622.3914
3900 58.471828 47.290348 7233379.2175
3930 59.197094 48.960651 7233142.3375
3960 59.981258 50.624308 7232912.2045
3990 60.832062 52.280404 7232689.2617
4020 61.758534 53.927863 7232473.9405
4050 62.771268 55.565411 7232266.6596
4080 63.882747 57.191529 7232067.8249
4110 65.107751 58.804396 7231877.8272
4140 66.463868 60.401815 7231697.0426
4170 67.972106 61.981110 7231525.8307
4200 69.657654 63.539005 7231364.5339
4230 71.550783 65.071455 7231213.4766
4260 73.687896 66.573437 7231072.9644
4290 76.112687 68.038670 7230943.2827
4320 78.877265 69.459257 7230824.6967
4350 82.042967 70.825248 7230717.4496
4380 85.680271 72.124094 7230621.7627
4410 89.866725 73.340059 7230537.8341
4440 94.681183 74.453659 7230465.8383
4470 100.191947 75.441365 7230405.9255
4500 106.436685 76.275949 7230358.2209
4530 113.394588 76.928035 7230322.8247
4560 120.957913 77.369314 7230299.8112
4590 128.918874 77.577292 7230289.2288
4620 136.989756 77.540279 7230291.0997
4650 144.858664 77.260408 7230305.4201
4680 152.257429 76.753070 7230332.1598
4710 159.007981 76.043056 7230371.2626
4740 165.031155 75.159437 7230422.6463
4770 170.326906 74.131201 7230486.2032
4800 174.944738 72.984562 7230561.8007
4830 178.957831 71.741832 7230649.2810
4860 182.445563 70.421318 7230748.4626
4890 185.483757 69.037737 7230859.1403
4920 188.140244 67.602795 7230981.0861
4950 190.473541 66.125774 7231114.0502
4980 192.533123 64.614043 7231257.7612
5010 194.360368 63.073470 7231411.9275
5040 195.989720 61.508760 7231576.2379
5070 197.449819 59.923707 7231750.3623
5100 198.764510 58.321389 7231933.9531
5130 199.953700 56.704329 7232126.6458
5160 201.034075 55.074601 7232328.0596
5190 202.019677 53.433929 7232537.7991
5220 202.922382 51.783751 7232755.4546
5250 203.752281 50.125278 7232980.6032
5280 204.517991 48.459535 7233212.8101
5310 205.226907 46.787394 7233451.6290
5340 205.885406 45.109602 7233696.6035
5370 206.499011 43.426803 7233947.2681
5400 207.072530 41.739556 7234203.1490
5430 207.610168 40.048344 7234463.7654
5460 208.115618 38.353594 7234728.6307
5490 208.592136 36.655679 7234997.2532
5520 209.042611 34.954929 7235269.1379
5550 209.469609 33.251637 7235543.7875
5580 209.875426 31.546064 7235820.7035
5610 210.262122 29.838445 7236099.3880
5640 210.631554 28.128991 7236379.3448
5670 210.985401 26.417892 7236660.0808
5700 211.325191 24.705321 7236941.1078
5730 211.652319 22.991436 7237221.9438
5760 211.968064 21.276381 7237502.1144
5790 212.273606 19.560291 7237781.1549
5820 212.570036 17.843289 7238058.6110
5850 212.858371 16.125489 7238334.0410
5880 213.139562 14.406999 7238607.0172
5910 213.414503 12.687920 7238877.1269
5940 213.684042 10.968347 7239143.9742
5970 213.948983 9.248371 7239407.1810
6000 214.210098 7.528080 7239666.3886
6030 214.468130 5.807556 7239921.2581
6060 214.723800 4.086882 7240171.4720
6090 214.977812 2.366135 7240416.7348
6120 215.230858 0.645395 7240656.7734
6150 215.483624 -1.075263 7240891.3381
6180 215.736792 -2.795762 7241120.2025
6210 215.991048 -4.516025 7241343.1641
6240 216.247086 -6.235974 7241560.0441
6270 216.505613 -7.955532 7241770.6877
6300 216.767351 -9.674617 7241974.9631
6330 217.033048 -11.393146 7242172.7620
6360 217.303480 -13.111034 7242363.9985
6390 217.579458 -14.828189 7242548.6088
6420 217.861835 -16.544519 7242726.5503
6450 218.151514 -18.259922 7242897.8008
6480 218.449454 -19.974293 7243062.3577
6510 218.756682 -21.687517 7243220.2370
6540 219.074303 -23.399473 7243371.4724
6570 219.403507 -25.110028 7243516.1141
6600 219.745592 -26.819039 7243654.2278
6630 220.101968 -28.526349 7243785.8938
6660 220.474184 -30.231786 7243911.2057
6690 220.863942 -31.935161 7244030.2697
6720 221.273126 -33.636262 7244143.2032
6750 221.703826 -35.334856 7244250.1342
6780 222.158371 -37.030682 7244351.2000
6810 222.639370 -38.723447 7244446.5465
6840 223.149755 -40.412818 7244536.3271
6870 223.692837 -42.098421 7244620.7020
6900 224.272372 -43.779828 7244699.8373
6930 224.892636 -45.456549 7244773.9041
6960 225.558522 -47.128021 7244843.0777
6990 226.275653 -48.793594 7244907.5369
7020 227.050522 -50.452511 7244967.4629
7050 227.890662 -52.103886 7245023.0388
7080 228.804853 -53.746681 7245074.4484
7110 229.803383 -55.379664 7245121.8759
7140 230.898359 -57.001370 7245165.5043
7170 232.104101 -58.610045 7245205.5152
7200 233.437625 -60.203572 7245242.0873
7230 234.919233 -61.779377 7245275.3959
7260 236.573237 -63.334313 7245305.6117
7290 238.428828 -64.864501 7245332.8999
7320 240.521083 -66.365132 7245357.4192
7350 242.892091 -67.830197 7245379.3209
7380 245.592070 -69.252156 7245398.7477
7410 248.680237 -70.621517 7245415.8331
7440 252.224898 -71.926317 7245430.7003
7470 256.301811 -73.151546 7245443.4611
7500 260.989233 -74.278590 7245454.2155
7530 266.357424 -75.284867 7245463.0509
7560 272.450372 -76.144040 7245470.0411
7590 279.259530 -76.827293 7245475.2461
7620 286.695145 -77.306186 7245478.7115
7650 294.569379 -77.557100 7245480.4678
7680 302.609307 -77.566224 7245480.5309
7710 310.506159 -77.333038 7245478.9013
7740 317.982237 -76.870445 7245475.5645
7770 324.842438 -76.201498 7245470.4908
7800 330.990001 -75.354448 7245463.6358
7830 336.411266 -74.358203 7245454.9405
7860 341.147287 -73.239348 7245444.3322
7890 345.267101 -72.020759 7245431.7245
7920 348.848817 -70.721340 7245417.0184
7950 351.968601 -69.356353 7245400.1028
7980 354.695405 -67.937965 7245380.8553
8010 357.089134 -66.475837 7245359.1432
8040 359.200655 -64.977638 7245334.8245
8070 1.072625 -63.449477 7245307.7484
8100 2.740607 -61.896244 7245277.7568
8130 4.234192 -60.321881 7245244.6850
8160 5.578027 -58.729583 7245208.3625
8190 6.792685 -57.121961 7245168.6146
8220 7.895407 -55.501163 7245125.2625
8250 8.900695 -53.868968 7245078.1250
8280 9.820809 -52.226861 7245027.0191
8310 10.666157 -50.576088 7244971.7606
8340 11.445626 -48.917702 7244912.1658
8370 12.166832 -47.252599 7244848.0514
8400 12.836340 -45.581543 7244779.2360
8430 13.459833 -43.905193 7244705.5407
8460 14.042254 -42.224119 7244626.7898
8490 14.587923 -40.538814 7244542.8119
8520 15.100630 -38.849710 7244453.4405
8550 15.583717 -37.157187 7244358.5151
8580 16.040143 -35.461579 7244257.8814
8610 16.472540 -33.763182 7244151.3932
8640 16.883255 -32.062260 7244038.9124
8670 17.274397 -30.359048 7243920.3104
8700 17.647862 -28.653758 7243795.4688
8730 18.005365 -26.946581 7243664.2807
8760 18.348466 -25.237692 7243526.6514
8790 18.678587 -23.527247 7243382.4996
8820 18.997030 -21.815391 7243231.7585
8850 19.304995 -20.102257 7243074.3766
8880 19.603592 -18.387968 7242910.3191
8910 19.893854 -16.672638 7242739.5685
8940 20.176744 -14.956374 7242562.1261
8970 20.453170 -13.239277 7242378.0126
9000 20.723988 -11.521440 7242187.2689
9030 20.990011 -9.802956 7241989.9573
9060 21.252019 -8.083910 7241786.1620
9090 21.510760 -6.364384 7241575.9897
9120 21.766959 -4.644461 7241359.5702
9150 22.021325 -2.924219 7241137.0568
9180 22.274550 -1.203735 7240908.6265
9210 22.527322 0.516913 7240674.4799
9240 22.780324 2.237650 7240434.8417
9270 23.034240 3.958399 7240189.9598
9300 23.289762 5.679081 7239940.1056
9330 23.547593 7.399619 7239685.5730
9360 23.808453 9.119931 7239426.6780
9390 24.073082 10.839933 7239163.7576
9420 24.342250 12.559539 7238897.1693
9450 24.616759 14.278658 7238627.2898
9480 24.897453 15.997196 7238354.5136
9510 25.185222 17.715051 7238079.2521
9540 25.481014 19.432116 7237801.9322
9570 25.785838 21.148279 7237522.9945
9600 26.100782 22.863415 7237242.8923
9630 26.427017 24.577392 7236962.0897
9660 26.765815 26.290066 7236681.0604
9690 27.118561 28.001281 7236400.2859
9720 27.486773 29.710865 7236120.2540
9750 27.872119 31.418628 7235841.4574
9780 28.276440 33.124361 7235564.3921
9810 28.701780 34.827832 7235289.5561
9840 29.150417 36.528781 7235017.4477
9870 29.624895 38.226919 7234748.5645
9900 30.128077 39.921918 7234483.4016
9930 30.663189 41.613408 7234222.4511
9960 31.233891 43.300967 7233966.1999
9990 31.844345 44.984117 7233715.1294
10020 32.499310 46.662303 7233469.7138
10050 33.204253 48.334891 7233230.4194
10080 33.965481 50.001140 7232997.7033
10110 34.790306 51.660189 7232772.0124
10140 35.687246 53.311026 7232553.7827
10170 36.666272 54.952454 7232343.4378
10200 37.739114 56.583055 7232141.3884
10230 38.919639 58.201128 7231948.0313
10260 40.224315 59.804627 7231763.7480
10290 41.672787 61.391068 7231588.9045
10320 43.288577 62.957418 7231423.8498
10350 45.099934 64.499943 7231268.9151
10380 47.140831 66.014015 7231124.4130
10410 49.452088 67.493861 7230990.6369
10440 52.082538 68.932239 7230867.8594
10470 55.090000 70.320027 7230756.3322
10500 58.541629 71.645717 7230656.2848
10530 62.512754 72.894840 7230567.9242
10560 67.082744 74.049374 7230491.4338
10590 72.325738 75.087311 7230426.9729
10620 78.293807 75.982707 7230374.6762
10650 84.991639 76.706710 7230334.6533
10680 92.346891 77.230122 7230306.9882
10710 100.189032 77.527653 7230291.7391
10740 108.255455 77.583051 7230288.9381
10770 116.235266 77.393123 7230298.5911
10800 123.836667 76.968593 7230320.6778
10830 130.844721 76.331311 7230355.1517
10860 137.144349 75.509328 7230401.9403
10890 142.709159 74.532075 7230460.9456
10920 147.573486 73.427012 7230532.0441
10950 151.804150 72.217968 7230615.0874
10980 155.479716 70.924724 7230709.9029
11010 158.678091 69.563278 7230816.2941
11040 161.470383 68.146394 7230934.0417
11070 163.918635 66.684200 7231062.9038
11100 166.075622 65.184727 7231202.6169
11130 167.985627 63.654364 7231352.8971
11160 169.685560 62.098219 7231513.4404
11190 171.206110 60.520401 7231683.9236
11220 172.572813 58.924236 7231864.0056
11250 173.806961 57.312441 7232053.3281
11280 174.926374 55.687245 7232251.5164
11310 175.946024 54.050495 7232458.1804
11340 176.878551 52.403729 7232672.9156
11370 177.734674 50.748239 7232895.3041
11400 178.523533 49.085113 7233124.9153
11430 179.252954 47.415277 7233361.3071
11460 179.929673 45.739524 7233604.0269
11490 180.559518 44.058534 7233852.6124
11520 181.147549 42.372895 7234106.5927
11550 181.698187 40.683117 7234365.4897
11580 182.215306 38.989648 7234628.8187
11610 182.702319 37.292879 7234896.0898
11640 183.162245 35.593156 7235166.8091
11670 183.597765 33.890785 7235440.4800
11700 184.011274 32.186039 7235716.6044
11730 184.404914 30.479162 7235994.6839
11760 184.780616 28.770372 7236274.2214
11790 185.140121 27.059869 7236554.7226
11820 185.485014 25.347831 7236835.6974
11850 185.816735 23.634421 7237116.6610
11880 186.136607 21.919789 7237397.1362
11910 186.445843 20.204073 7237676.6544
11940 186.745568 18.487398 7237954.7573
11970 187.036824 16.769885 7238230.9982
12000 187.320587 15.051641 7238504.9440
12030 187.597771 13.332772 7238776.1761
12060 187.869239 11.613373 7239044.2923
12090 188.135813 9.893538 7239308.9077
12120 188.398274 8.173355 7239569.6561
12150 188.657377 6.452909 7239826.1911
12180 188.913850 4.732282 7240078.1871
12210 189.168402 3.011553 7240325.3402
12240 189.421730 1.290801 7240567.3688
12270 189.674521 -0.429896 7240804.0144
12300 189.927458 -2.150464 7241035.0419
12330 190.181225 -3.870824 7241260.2397
12360 190.436513 -5.590900 7241479.4203
12390 190.694022 -7.310614 7241692.4197
12420 190.954470 -9.029886 7241899.0976
12450 191.218592 -10.748634 7242099.3369
12480 191.487156 -12.466773 7242293.0435
12510 191.760956 -14.184214 7242480.1453
12540 192.040830 -15.900864 7242660.5918
12570 192.327661 -17.616627 7242834.3532
12600 192.622386 -19.331398 7243001.4199
12630 192.926005 -21.045066 7243161.8008
12660 193.239593 -22.757513 7243315.5232
12690 193.564307 -24.468609 7243462.6311
12720 193.901401 -26.178217 7243603.1846
12750 194.252243 -27.886185 7243737.2587
12780 194.618327 -29.592345 7243864.9421
12810 195.001295 -31.296517 7243986.3364
12840 195.402960 -32.998497 7244101.5549
12870 195.825331 -34.698060 7244210.7217
12900 196.270642 -36.394957 7244313.9707
12930 196.741393 -38.088907 7244411.4448
12960 197.240389 -39.779592 7244503.2946
12990 197.770793 -41.466656 7244589.6779
13020 198.336184 -43.149690 7244670.7587
13050 198.940634 -44.828231 7244746.7062
13080 199.588790 -46.501743 7244817.6944
13110 200.285990 -48.169611 7244883.9007
13140 201.038379 -49.831121 7244945.5057
13170 201.853081 -51.485438 7245002.6916
13200 202.738379 -53.131584 7245055.6424
13230 203.703962 -54.768405 7245104.5419
13260 204.761213 -56.394530 7245149.5739
13290 205.923572 -58.008319 7245190.9205
13320 207.206979 -59.607802 7245228.7617
13350 208.630427 -61.190589 7245263.2741
13380 210.216631 -62.753764 7245294.6303
13410 211.992840 -64.293744 7245322.9976
13440 213.991796 -65.806094 7245348.5373
13470 216.252824 -67.285292 7245371.4036
13500 218.822970 -68.724417 7245391.7425
13530 221.758007 -70.114763 7245409.6911
13560 225.122904 -71.445361 7245425.3766
13590 228.990984 -72.702412 7245438.9150
13620 233.440443 -73.868713 7245450.4111
13650 238.546227 -74.923186 7245459.9569
13680 244.364869 -75.840823 7245467.6314
13710 250.910974 -76.593496 7245473.4999
13740 258.128264 -77.152178 7245477.6133
13770 265.866121 -77.490849 7245480.0080
13800 273.879583 -77.591481 7245480.7053
13830 281.865744 -77.448348 7245479.7115
13860 289.527693 -77.069543 7245477.0177
13890 296.635436 -76.474852 7245472.5999
13920 303.055790 -75.691169 7245466.4191
13950 308.746954 -74.747598 7245458.4219
13980 313.732904 -73.671836 7245448.5406
14010 318.074863 -72.488229 7245436.6937
14040 321.849214 -71.217154 7245422.7871
14070 325.133723 -69.875181 7245406.7139
14100 328.000406 -68.475568 7245388.3561
14130 330.512630 -67.028851 7245367.5846
14160 332.724583 -65.543390 7245344.2608
14190 334.681880 -64.025834 7245318.2371
14220 336.422608 -62.481498 7245289.3580
14250 337.978472 -60.914650 7245257.4612
14280 339.375863 -59.328744 7245222.3783
14310 340.636787 -57.726595 7245183.9359
14340 341.779659 -56.110513 7245141.9568
14370 342.819944 -54.482404 7245096.2605
14400 343.770693 -52.843857 7245046.6646
14430 344.642968 -51.196202 7244992.9852
14460 345.446191 -49.540559 7244935.0384
14490 346.188428 -47.877879 7244872.6406
14520 346.876617 -46.208973 7244805.6095
14550 347.516753 -44.534538 7244733.7653
14580 348.114042 -42.855174 7244656.9310
14610 348.673025 -41.171402 7244574.9334
14640 349.197681 -39.483676 7244487.6042
14670 349.691512 -37.792394 7244394.7804
14700 350.157613 -36.097907 7244296.3054
14730 350.598733 -34.400523 7244192.0297
14760 351.017322 -32.700519 7244081.8122
14790 351.415572 -30.998139 7243965.5206
14820 351.795457 -29.293606 7243843.0325
14850 352.158756 -27.587116 7243714.2366
14880 352.507086 -25.878849 7243579.0335
14910 352.841916 -24.168970 7243437.3368
14940 353.164593 -22.457627 7243289.0740
14970 353.476354 -20.744958 7243134.1880
15000 353.778340 -19.031088 7242972.6373
15030 354.071612 -17.316136 7242804.3981
15060 354.357158 -15.600210 7242629.4643
15090 354.635905 -13.883414 7242447.8492
15120 354.908729 -12.165844 7242259.5862
15150 355.176458 -10.447592 7242064.7294
15180 355.439882 -8.728747 7241863.3547
15210 355.699762 -7.009392 7241655.5603
15240 355.956831 -5.289608 7241441.4673
15270 356.211803 -3.569477 7241221.2202
15300 356.465375 -1.849075 7240994.9869
15330 356.718237 -0.128479 7240762.9593
15360 356.971072 1.592234 7240525.3531
15390 357.224565 3.312987 7240282.4075
15420 357.479403 5.033704 7240034.3851
15450 357.736285 6.754305 7239781.5714
15480 357.995923 8.474711 7239524.2742
15510 358.259049 10.194839 7239262.8228
15540 358.526423 11.914604 7238997.5671
15570 358.798832 13.633917 7238728.8767
15600 359.077105 15.352684 7238457.1397
15630 359.362113 17.070807 7238182.7612
15660 359.654780 18.788182 7237906.1624
15690 359.956094 20.504697 7237627.7790
15720 0.267109 22.220233 7237348.0598
15750 0.588966 23.934661 7237067.4648
15780 0.922896 25.647842 7236786.4645
15810 1.270240 27.359624 7236505.5376
15840 1.632464 29.069840 7236225.1696
15870 2.011177 30.778309 7235945.8517
15900 2.408153 32.484830 7235668.0787
15930 2.825356 34.189178 7235392.3481
15960 3.264972 35.891106 7235119.1583
15990 3.729440 37.590334 7234849.0072
16020 4.221498 39.286552 7234582.3911
16050 4.744230 40.979404 7234319.8032
16080 5.301124 42.668490 7234061.7327
16110 5.896145 44.353354 7233808.6630
16140 6.533814 46.033472 7233561.0713
16170 7.219321 47.708241 7233319.4269
16200 7.958639 49.376961 7233084.1904
16230 8.758681 51.038821 7232855.8128
16260 9.627488 52.692867 7232634.7343
16290 10.574452 54.337978 7232421.3831
16320 11.610605 55.972823 7232216.1750
16350 12.748962 57.595814 7232019.5120
16380 14.004954 59.205045 7231831.7816
16410 15.396959 60.798207 7231653.3557
16440 16.946955 62.372489 7231484.5896
16470 18.681309 63.924440 7231325.8214
16500 20.631719 65.449792 7231177.3708
16530 22.836303 66.943238 7231039.5386
16560 25.340754 68.398128 7230912.6051
16590 28.199433 69.806099 7230796.8300
16620 31.476025 71.156604 7230692.4514
16650 35.243076 72.436355 7230599.6845
16680 39.579196 73.628727 7230518.7219
16710 44.562005 74.713235 7230449.7318
16740 50.254380 75.665358 7230392.8584
16770 56.682204 76.457127 7230348.2206
16800 63.805349 77.059059 7230315.9122
16830 71.491264 77.443814 7230296.0010
16860 79.508762 77.591165 7230288.5289
16890 87.557806 77.492718 7230293.5117
16920 95.331378 77.154123 7230310.9388
16950 102.580884 76.593570 7230340.7736
16980 109.153556 75.837397 7230382.9534
17010 114.992549 74.915006 7230437.3896
17040 120.112981 73.854875 7230503.9682
17070 124.572392 72.682298 7230582.5502
17100 128.446810 71.418567 7230672.9720
17130 131.815389 70.081046 7230775.0459
17160 134.752217 68.683639 7230888.5611
17190 137.322838 67.237397 7231013.2841
17220 139.583449 65.751078 7231148.9595
17250 141.581396 64.231641 7231295.3108
17280 143.356216 62.684637 7231452.0414
17310 144.940800 61.114520 7231618.8354
17340 146.362503 59.524888 7231795.3582
17370 147.644109 57.918671 7231981.2579
17400 148.804662 56.298266 7232176.1657
17430 149.860134 54.665654 7232379.6973
17460 150.823987 53.022482 7232591.4534
17490 151.707618 51.370126 7232811.0212
17520 152.520724 49.709748 7233037.9745
17550 153.271595 48.042329 7233271.8756
17580 153.967353 46.368711 7233512.2755
17610 154.614148 44.689611 7233758.7157
17640 155.217313 43.005652 7234010.7282
17670 155.781495 41.317371 7234267.8375
17700 156.310763 39.625238 7234529.5613
17730 156.808694 37.929664 7234795.4115
17760 157.278448 36.231011 7235064.8956
17790 157.722828 34.529599 7235337.5178
17820 158.144329 32.825714 7235612.7803
17850 158.545184 31.119609 7235890.1848
17880 158.927401 29.411513 7236169.2336
17910 159.292787 27.701631 7236449.4310
17940 159.642985 25.990148 7236730.2853
17970 159.979485 24.277234 7237011.3095
18000 160.303654 22.563044 7237292.0233
18030 160.616743 20.847719 7237571.9548
18060 160.919909 19.131390 7237850.6415
18090 161.214224 17.414178 7238127.6323
18120 161.500687 15.696196 7238402.4888
18150 161.780235 13.977549 7238674.7868
18180 162.053748 12.258338 7238944.1178
18210 162.322064 10.538656 7239210.0903
18240 162.585978 8.818593 7239472.3308
18270 162.846254 7.098236 7239730.4854
18300 163.103629 5.377668 7239984.2207
18330 163.358820 3.656968 7240233.2244
18360 163.612526 1.936216 7240477.2067
18390 163.865438 0.215489 7240715.9001
18420 164.118240 -1.505137 7240949.0609
18450 164.371616 -3.225584 7241176.4686
18480 164.626252 -4.945776 7241397.9266
18510 164.882845 -6.665635 7241613.2621
18540 165.142105 -8.385082 7241822.3260
18570 165.404761 -10.104036 7242024.9926
18600 165.671568 -11.822413 7242221.1591
18630 165.943308 -13.540127 7242410.7453
18660 166.220803 -15.257085 7242593.6926
18690 166.504918 -16.973193 7242769.9636
18720 166.796568 -18.688348 7242939.5413
18750 167.096730 -20.402443 7243102.4276
18780 167.406448 -22.115363 7243258.6432
18810 167.726847 -23.826981 7243408.2259
18840 168.059144 -25.537165 7243551.2298
18870 168.404661 -27.245766 7243687.7245
18900 168.764844 -28.952625 7243817.7937
18930 169.141277 -30.657565 7243941.5342
18960 169.535705 -32.360392 7244059.0551
18990 169.950060 -34.060890 7244170.4765
19020 170.386488 -35.758818 7244275.9289
19050 170.847386 -37.453908 7244375.5518
19080 171.335439 -39.145858 7244469.4930
19110 171.853666 -40.834325 7244557.9078
19140 172.405486 -42.518921 7244640.9579
19170 172.994773 -44.199206 7244718.8106
19200 173.625951 -45.874672 7244791.6383
19230 174.304081 -47.544735 7244859.6172
19260 175.034992 -49.208720 7244922.9267
19290 175.825418 -50.865841 7244981.7487
19320 176.683182 -52.515177 7245036.2664
19350 177.617416 -54.155644 7245086.6639
19380 178.638829 -55.785957 7245133.1251
19410 179.760041 -57.404585 7245175.8327
19440 180.995997 -59.009690 7245214.9678
19470 182.364472 -60.599049 7245250.7083
19500 183.886699 -62.169961 7245283.2284
19530 185.588122 -63.719110 7245312.6975
19560 187.499301 -65.242406 7245339.2794
19590 189.656957 -66.734767 7245363.1308
19620 192.105110 -68.189837 7245384.4011
19650 194.896164 -69.599632 7245403.2309
19680 198.091645 -70.954093 7245419.7509
19710 201.761970 -72.240551 7245434.0817
19740 205.984162 -73.443145 7245446.3324
19770 210.835732 -74.542288 7245456.5997
19800 216.382428 -75.514410 7245464.9677
19830 222.657825 -76.332379 7245471.5068
19860 229.635621 -76.967136 7245476.2735
19890 237.202261 -77.390982 7245479.3095
19920 245.145953 -77.582300 7245480.6420
19950 253.178998 -77.530382 7245480.2827
19980 260.994155 -77.238197 7245478.2286
20010 268.330782 -76.721597 7245474.4611
20040 275.018330 -76.005412 7245468.9471
20070 280.983065 -75.118431 7245461.6384
20100 286.227781 -74.089193 7245452.4725
20130 290.802767 -72.943432 7245441.3733
20160 294.780762 -71.703027 7245428.2511
20190 298.240154 -70.385928 7245413.0038
20220 301.255634 -69.006566 7245395.5174
20250 303.893969 -67.576431 7245375.6670
20280 306.212761 -66.104639 7245353.3173
20310 308.260731 -64.598435 7245328.3241
20340 310.078656 -63.063593 7245300.5347
20370 311.700502 -61.504744 7245269.7892
20400 313.154536 -59.925625 7245235.9214
20430 314.464310 -58.329274 7245198.7597
20460 315.649503 -56.718174 7245158.1281
20490 316.726617 -55.094374 7245113.8474
20520 317.709555 -53.459574 7245065.7356
20550 318.610078 -51.815194 7245013.6094
20580 319.438188 -50.162427 7244957.2848
20610 320.202430 -48.502284 7244896.5779
20640 320.910142 -46.835626 7244831.3059
20670 321.567652 -45.163190 7244761.2879
20700 322.180446 -43.485610 7244686.3458
20730 322.753302 -41.803435 7244606.3048
20760 323.290399 -40.117142 7244520.9948
20790 323.795409 -38.427151 7244430.2506
20820 324.271571 -36.733827 7244333.9131
20850 324.721759 -35.037496 7244231.8302
20880 325.148529 -33.338444 7244123.8574
20910 325.554165 -31.636929 7244009.8589
20940 325.940720 -29.933178 7243889.7086
20970 326.310043 -28.227400 7243763.2909
21000 326.663808 -26.519780 7243630.5019
21030 327.003537 -24.810488 7243491.2500
21060 327.330622 -23.099677 7243345.4576
21090 327.646339 -21.387490 7243193.0616
21120 327.951862 -19.674056 7243034.0144
21150 328.248283 -17.959496 7242868.2856
21180 328.536615 -16.243923 7242695.8623
21210 328.817808 -14.527442 7242516.7504
21240 329.092754 -12.810152 7242330.9757
21270 329.362299 -11.092145 7242138.5844
21300 329.627248 -9.373512 7241939.6441
21330 329.888370 -7.654339 7241734.2447
21360 330.146408 -5.934707 7241522.4985
21390 330.402084 -4.214696 7241304.5412
21420 330.656100 -2.494387 7241080.5320
21450 330.909148 -0.773855 7240850.6537
21480 331.161913 0.946823 7240615.1131
21510 331.415079 2.667570 7240374.1407
21540 331.669331 4.388310 7240127.9902
21570 331.925364 6.108964 7239876.9387
21600 332.183884 7.829453 7239621.2857
21630 332.445614 9.549695 7239361.3526
21660 332.711304 11.269606 7239097.4815
21690 332.981730 12.989099 7238830.0349
21720 333.257704 14.708082 7238559.3940
21750 333.540080 16.426459 7238285.9577
21780 333.829762 18.144127 7238010.1414
21810 334.127713 19.860978 7237732.3755
21840 334.434961 21.576896 7237453.1039
21870 334.752612 23.291755 7237172.7828
21900 335.081863 25.005421 7236891.8789
21930 335.424011 26.717746 7236610.8678
21960 335.780474 28.428570 7236330.2329
21990 336.152804 30.137717 7236050.4633
22020 336.542710 31.844993 7235772.0527
22050 336.952083 33.550184 7235495.4977
22080 337.383020 35.253050 7235221.2964
22110 337.837863 36.953326 7234949.9473
22140 338.319231 38.650712 7234681.9473
22170 338.830073 40.344871 7234417.7909
22200 339.373716 42.035420 7234157.9690
22230 339.953938 43.721925 7233902.9674
22260 340.575041 45.403889 7233653.2655
22290 341.241950 47.080741 7233409.3359
22320 341.960328 48.751818 7233171.6426
22350 342.736717 50.416355 7232940.6402
22380 343.578709 52.073453 7232716.7731
22410 344.495160 53.722059 7232500.4741
22440 345.496450 55.360926 7232292.1639
22470 346.594804 56.988568 7232092.2496
22500 347.804691 58.603207 7231901.1244
22530 349.143314 60.202696 7231719.1660
22560 350.631216 61.784426 7231546.7361
22590 352.293015 63.345205 7231384.1794
22620 354.158290 64.881094 7231231.8227
22650 356.262616 66.387208 7231089.9738
22680 358.648709 67.857438 7230958.9208
22710 1.367567 69.284115 7230838.9314
22740 4.479354 70.657571 7230730.2517
22770 8.053457 71.965616 7230633.1057
22800 12.166763 73.192946 7230547.6946
22830 16.898459 74.320572 7230474.1957
22860 22.319086 75.325468 7230412.7622
22890 28.471547 76.180817 7230363.5228
22920 35.344024 76.857372 7230326.5806
22950 42.840887 77.326453 7230302.0131
22980 50.766583 77.564553 7230289.8721
23010 58.840961 77.558398 7230290.1832
23040 66.751342 77.308345 7230302.9456
23070 74.220828 76.828280 7230328.1325
23100 81.058817 76.142094 7230365.6909
23130 87.174432 75.278594 7230415.5420
23160 92.559307 74.266960 7230477.5812
23190 97.258312 73.133843 7230551.6789
23220 101.342797 71.902064 7230637.6805
23250 104.892037 70.590417 7230735.4075
23280 107.982627 69.214037 7230844.6575
23310 110.683518 67.784974 7230965.2055
23340 113.054402 66.312785 7231096.8041
23370 115.145840 64.805051 7231239.1848
23400 117.000164 63.267812 7231392.0584
23430 118.652621 61.705900 7231555.1161
23460 120.132521 60.123213 7231728.0301
23490 121.464258 58.522909 7231910.4551
23520 122.668191 56.907573 7232102.0283
23550 123.761375 55.279331 7232302.3714
23580 124.758155 53.639945 7232511.0904
23610 125.670655 51.990887 7232727.7774
23640 126.509172 50.333394 7232952.0112
23670 127.282493 48.668510 7233183.3584
23700 127.998153 46.997127 7233421.3740
23730 128.662648 45.320006 7233665.6030
23760 129.281598 43.637802 7233915.5808
23790 129.859895 41.951083 7234170.8346
23820 130.401815 40.260344 7234430.8845
23850 130.911109 38.566016 7234695.2445
23880 131.391085 36.868478 7234963.4235
23910 131.844674 35.168066 7235234.9269
23940 132.274482 33.465077 7235509.2575
23970 132.682834 31.759777 7235785.9170
24000 133.071820 30.052402 7236064.4073
24030 133.443318 28.343167 7236344.2318
24060 133.799030 26.632264 7236624.8971
24090 134.140502 24.919868 7236905.9142
24120 134.469143 23.206140 7237186.8002
24150 134.786247 21.491224 7237467.0799
24180 135.093005 19.775257 7237746.2870
24210 135.390519 18.058363 7238023.9660
24240 135.679815 16.340656 7238299.6735
24270 135.961850 14.622247 7238572.9799
24300 136.237527 12.903236 7238843.4706
24330 136.507697 11.183720 7239110.7475
24360 136.773171 9.463790 7239374.4304
24390 137.034724 7.743534 7239634.1577
24420 137.293102 6.023035 7239889.5884
24450 137.549029 4.302375 7240140.4020
24480 137.803211 2.581633 7240386.3002
24510 138.056340 0.860888 7240627.0073
24540 138.309104 -0.859785 7240862.2703
24570 138.562184 -2.580308 7241091.8602
24600 138.816266 -4.300604 7241315.5713
24630 139.072043 -6.020597 7241533.2220
24660 139.330218 -7.740208 7241744.6542
24690 139.591514 -9.459357 7241949.7336
24720 139.856673 -11.177961 7242148.3487
24750 140.126469 -12.895933 7242340.4110
24780 140.401706 -14.613186 7242525.8539
24810 140.683234 -16.329624 7242704.6322
24840 140.971947 -18.045149 7242876.7211
24870 141.268798 -19.759655 7243042.1158
24900 141.574804 -21.473029 7243200.8299
24930 141.891059 -23.185151 7243352.8949
24960 142.218745 -24.895890 7243498.3591
24990 142.559141 -26.605102 7243637.2862
25020 142.913646 -28.312635 7243769.7548
25050 143.283788 -30.018316 7243895.8568
25080 143.671251 -31.721960 7244015.6971
25110 144.077892 -33.423358 7244129.3916
25140 144.505775 -35.122280 7244237.0669
25170 144.957197 -36.818468 7244338.8595
25200 145.434729 -38.511633 7244434.9139
25230 145.941261 -40.201449 7244525.3829
25260 146.480053 -41.887546 7244610.4258
25290 147.054800 -43.569504 7244690.2080
25320 147.669709 -45.246841 7244764.9001
25350 148.329589 -46.919005 7244834.6768
25380 149.039966 -48.585355 7244899.7165
25410 149.807215 -50.245151 7244960.2002
25440 150.638728 -51.897524 7245016.3107
25470 151.543116 -53.541457 7245068.2321
25500 152.530461 -55.175743 7245116.1482
25530 153.612624 -56.798952 7245160.2424
25560 154.803623 -58.409366 7245200.6964
25590 156.120106 -60.004920 7245237.6895
25620 157.581927 -61.583104 7245271.3974
25650 159.212852 -63.140849 7245301.9913
25680 161.041407 -64.674379 7245329.6374
25710 163.101874 -66.179013 7245354.4950
25740 165.435398 -67.648909 7245376.7165
25770 168.091125 -69.076743 7245396.4457
25800 171.127117 -70.453290 7245413.8174
25830 174.610583 -71.766929 7245428.9560
25860 178.616531 -73.003064 7245441.9748
25890 183.223342 -74.143558 7245452.9755
25920 188.503104 -75.166331 7245462.0469
25950 194.504391 -76.045475 7245469.2646
25980 201.226855 -76.752362 7245474.6904
26010 208.592261 -77.258289 7245478.3716
26040 216.425105 -77.538756 7245480.3408
26070 224.461095 -77.578480 7245480.6156
26100 232.392335 -77.375188 7245479.1985
26130 239.933802 -76.940225 7245476.0768
26160 246.878401 -76.295632 7245471.2227
26190 253.117410 -75.469281 7245464.5937
26220 258.628224 -74.490197 7245456.1326
26250 263.446636 -73.385361 7245445.7684
26280 267.639394 -72.178147 7245433.4162
26310 271.284217 -70.887945 7245418.9788
26340 274.457898 -69.530445 7245402.3463
26370 277.230444 -68.118169 7245383.3979
26400 279.662920 -66.661062 7245362.0021
26430 281.807288 -65.167018 7245338.0179
26460 283.707175 -63.642319 7245311.2956
26490 285.398970 -62.091993 7245281.6781
26520 286.912953 -60.520087 7245249.0012
26550 288.274339 -58.929881 7245213.0954
26580 289.504168 -57.324052 7245173.7861
26610 290.620063 -55.704800 7245130.8953
26640 291.636839 -54.073946 7245084.2419
26670 292.567015 -52.433007 7245033.6430
26700 293.421212 -50.783258 7244978.9147
26730 294.208489 -49.125774 7244919.8729
26760 294.936612 -47.461468 7244856.3345
26790 295.612267 -45.791119 7244788.1177
26820 296.241238 -44.115400 7244715.0432
26850 296.828554 -42.434888 7244636.9349
26880 297.378608 -40.750088 7244553.6209
26910 297.895251 -39.061439 7244464.9339
26940 298.381879 -37.369325 7244370.7126
26970 298.841493 -35.674086 7244270.8020
27000 299.276765 -33.976023 7244165.0547
27030 299.690076 -32.275403 7244053.3316
27060 300.083561 -30.572466 7243935.5029
27090 300.459142 -28.867426 7243811.4488
27120 300.818556 -27.160476 7243681.0609
27150 301.163380 -25.451792 7243544.2430
27180 301.495053 -23.741533 7243400.9121
27210 301.814890 -22.029846 7243250.9993
27240 302.124105 -20.316866 7243094.4513
27270 302.423817 -18.602715 7242931.2311
27300 302.715069 -16.887509 7242761.3191
27330 302.998832 -15.171357 7242584.7141
27360 303.276019 -13.454358 7242401.4341
27390 303.547494 -11.736610 7242211.5178
27420 303.814075 -10.018202 7242015.0246
27450 304.076544 -8.299221 7241812.0359
27480 304.335653 -6.579751 7241602.6555
27510 304.592132 -4.859874 7241387.0105
27540 304.846689 -3.139667 7241165.2511
27570 305.100019 -1.419210 7240937.5512
27600 305.352811 0.301422 7240704.1087
27630 305.605746 2.022153 7240465.1452
27660 305.859510 3.742904 7240220.9056
27690 306.114793 5.463599 7239971.6585
27720 306.372296 7.184159 7239717.6949
27750 306.632736 8.904504 7239459.3281
27780 306.896851 10.624549 7239196.8927
27810 307.165408 12.344210 7238930.7435
27840 307.439203 14.063395 7238661.2549
27870 307.719074 15.782011 7238388.8193
27900 308.005907 17.499957 7238113.8460
27930 308.300640 19.217128 7237836.7600
27960 308.604275 20.933410 7237558.0003
27990 308.917889 22.648682 7237278.0187
28020 309.242643 24.362811 7236997.2781
28050 309.579794 26.075657 7236716.2510
28080 309.930714 27.787064 7236435.4179
28110 310.296901 29.496862 7236155.2661
28140 310.680003 31.204864 7235876.2877
28170 311.081841 32.910863 7235598.9783
28200 311.504429 34.614631 7235323.8358
28230 311.950014 36.315912 7235051.3586
28260 312.421107 38.014419 7234782.0442
28290 312.920525 39.709830 7234516.3885
28320 313.451448 41.401781 7234254.8836
28350 314.017476 43.089858 7233998.0174
28380 314.622704 44.773588 7233746.2719
28410 315.271811 46.452429 7233500.1225
28440 315.970169 48.125756 7233260.0362
28470 316.723970 49.792844 7233026.4716
28500 317.540390 51.452847 7232799.8768
28530 318.427785 53.104773 7232580.6892
28560 319.395928 54.747453 7232369.3341
28590 320.456310 56.379496 7232166.2238
28620 321.622506 57.999242 7231971.7569
28650 322.910629 59.604692 7231786.3169
28680 324.339891 61.193424 7231610.2718
28710 325.933286 62.762478 7231443.9726
28740 327.718419 64.308220 7231287.7530
28770 329.728485 65.826145 7231141.9280
28800 332.003385 67.310640 7231006.7932
28830 334.590885 68.754668 7230882.6241
28860 337.547643 70.149367 7230769.6749
28890 340.939665 71.483560 7230668.1781
28920 344.841404 72.743181 7230578.3434
28950 349.332100 73.910682 7230500.3571
28980 354.487294 74.964566 7230434.3818
29010 0.363044 75.879351 7230380.5552
29040 6.971591 76.626445 7230338.9901
29070 14.251746 77.176492 7230309.7737
29100 22.045674 77.503435 7230292.9674
29130 30.100657 77.589624 7230288.6066
29160 38.108355 77.430104 7230296.7005
29190 45.770884 77.033943 7230317.2321
29220 52.861606 76.421844 7230350.1581
29250 59.252981 75.621369 7230395.4094
29280 64.908888 74.661995 7230452.8909
29310 69.857711 73.571550 7230522.4825
29340 74.163519 72.374362 7230604.0389
29370 77.904241 71.090713 7230697.3904
29400 81.158308 69.737049 7230802.3435
29430 83.997864 68.326504 7230918.6817
29460 86.486125 66.869506 7231046.1658
29490 88.676998 65.374322 7231184.5352
29520 90.615773 63.847525 7231333.5083
29550 92.340215 62.294365 7231492.7836
29580 93.881735 60.719064 7231662.0403
29610 95.266460 59.125037 7231840.9395
29640 96.516168 57.515068 7232029.1249
29670 97.649076 55.891443 7232226.2240
29700 98.680484 54.256050 7232431.8484
29730 99.623298 52.610463 7232645.5954
29760 100.488460 50.956002 7232867.0488
29790 101.285289 49.293778 7233095.7795
29820 102.021764 47.624737 7233331.3467
29850 102.704747 45.949686 7233573.2992
29880 103.340170 44.269318 7233821.1757
29910 103.933184 42.584231 7234074.5065
29940 104.488282 40.894946 7234332.8141
29970 105.009403 39.201917 7234595.6148
30000 105.500013 37.505541 7234862.4192
