0 215.325618 0.000000 895922.9697
30 215.575859 -1.718880 896172.8528
60 215.826746 -3.437538 896455.1780
90 216.078952 -5.155862 896769.5321
120 216.333161 -6.873740 897115.3817
150 216.590071 -8.591057 897492.0751
180 216.850396 -10.307700 897898.8437
210 217.114879 -12.023551 898334.8044
240 217.384289 -13.738491 898798.9621
270 217.659434 -15.452398 899290.2129
300 217.941164 -17.165147 899807.3474
330 218.230380 -18.876608 900349.0544
360 218.528040 -20.586646 900913.9254
390 218.835171 -22.295119 901500.4591
420 219.152879 -24.001882 902107.0662
450 219.482359 -25.706775 902732.0749
480 219.824909 -27.409635 903373.7368
510 220.181947 -29.110283 904030.2322
540 220.555027 -30.808528 904699.6773
570 220.945859 -32.504164 905380.1301
600 221.356335 -34.196966 906069.5976
630 221.788556 -35.886686 906766.0427
660 222.244865 -37.573053 907467.3916
690 222.727885 -39.255763 908171.5413
720 223.240564 -40.934480 908876.3670
750 223.786235 -42.608822 909579.7299
780 224.368674 -44.278360 910279.4849
810 224.992182 -45.942604 910973.4884
840 225.661683 -47.600992 911659.6061
870 226.382830 -49.252877 912335.7208
900 227.162155 -50.897509 912999.7396
930 228.007232 -52.534010 913649.6020
960 228.926886 -54.161350 914283.2870
990 229.931456 -55.778312 914898.8200
1020 231.033105 -57.383443 915494.2802
1050 232.246210 -58.975005 916067.8072
1080 233.587849 -60.550900 916617.6072
1110 235.078381 -62.108576 917141.9595
1140 236.742168 -63.644910 917639.2219
1170 238.608428 -65.156054 918107.8369
1200 240.712228 -66.637231 918546.3360
1230 243.095577 -68.082479 918953.3452
1260 245.808494 -69.484317 919327.5893
1290 248.909807 -70.833334 919667.8956
1320 252.467136 -72.117682 919973.1983
1350 256.555117 -73.322523 920242.5412
1380 261.250292 -74.429494 920475.0810
1410 266.620516 -75.416387 920670.0897
1440 272.706775 -76.257394 920826.9572
1470 279.497452 -76.924409 920945.1926
1500 286.900759 -77.389848 921024.4260
1530 294.729255 -77.630976 921064.4096
1560 302.713655 -77.634681 921065.0184
1590 310.551327 -77.400756 921026.2504
1620 317.971076 -76.941946 920948.2270
1650 324.782536 -76.280761 920831.1920
1680 330.891085 -75.444704 920675.5118
1710 336.283023 -74.461917 920481.6732
1740 340.998128 -73.358305 920250.2831
1770 345.103740 -72.156194 919982.0655
1800 348.676324 -70.874064 919677.8604
1830 351.790675 -69.526854 919338.6205
1860 354.514668 -68.126496 918965.4082
1890 356.907408 -66.682469 918559.3930
1920 359.019181 -65.202306 918121.8471
1950 0.892224 -63.692011 917654.1413
1980 2.561803 -62.156394 917157.7413
2010 4.057302 -60.599328 916634.2021
2040 5.403219 -59.023955 916085.1632
2070 6.620026 -57.432843 915512.3430
2100 7.724891 -55.828104 914917.5331
2130 8.732269 -54.211485 914302.5920
2160 9.654384 -52.584446 913669.4387
2190 10.501626 -50.948212 913020.0462
2220 11.282864 -49.303818 912356.4342
2250 12.005707 -47.652145 911680.6622
2280 12.676715 -45.993947 910994.8220
2310 13.301568 -44.329876 910301.0303
2340 13.885208 -42.660494 909601.4210
2370 14.431956 -40.986293 908898.1375
2400 14.945604 -39.307706 908193.3249
2430 15.429494 -37.625113 907489.1224
2460 15.886587 -35.938855 906787.6553
2490 16.319517 -34.249234 906091.0274
2520 16.730632 -32.556524 905401.3136
2550 17.122042 -30.860972 904720.5521
2580 17.495643 -29.162804 904050.7374
2610 17.853153 -27.462228 903393.8133
2640 18.196129 -25.759434 902751.6654
2670 18.525993 -24.054600 902126.1154
2700 18.844047 -22.347894 901518.9142
2730 19.151488 -20.639470 900931.7359
2760 19.449425 -18.929479 900366.1725
2790 19.738887 -17.218060 899823.7280
2820 20.020834 -15.505349 899305.8140
2850 20.296170 -13.791475 898813.7445
2880 20.565745 -12.076565 898348.7324
2910 20.830368 -10.360741 897911.8848
2940 21.090811 -8.644121 897504.2002
2970 21.347815 -6.926823 897126.5652
3000 21.602097 -5.208961 896779.7520
3030 21.854355 -3.490649 896464.4160
3060 22.105273 -1.772000 896181.0941
3090 22.355524 -0.053125 895930.2034
3120 22.605778 1.665865 895712.0400
3150 22.856706 3.384856 895526.7788
3180 23.108981 5.103738 895374.4728
3210 23.363288 6.822396 895255.0541
3240 23.620325 8.540716 895168.3339
3270 23.880810 10.258583 895114.0043
3300 24.145486 11.975877 895091.6393
3330 24.415125 13.692478 895100.6970
3360 24.690538 15.408262 895140.5218
3390 24.972578 17.123100 895210.3477
3420 25.262149 18.836860 895309.3009
3450 25.560216 20.549404 895436.4037
3480 25.867811 22.260588 895590.5784
3510 26.186045 23.970260 895770.6519
3540 26.516121 25.678259 895975.3604
3570 26.859347 27.384416 896203.3545
3600 27.217148 29.088549 896453.2045
3630 27.591092 30.790460 896723.4066
3660 27.982902 32.489939 897012.3891
3690 28.394487 34.186753 897318.5184
3720 28.827965 35.880651 897640.1059
3750 29.285702 37.571353 897975.4153
3780 29.770345 39.258548 898322.6693
3810 30.284876 40.941891 898680.0570
3840 30.832662 42.620993 899045.7416
3870 31.417522 44.295413 899417.8679
3900 32.043811 45.964651 899794.5699
3930 32.716513 47.628133 900173.9782
3960 33.441359 49.285199 900554.2285
3990 34.224971 50.935080 900933.4683
4020 35.075034 52.576882 901309.8650
4050 36.000512 54.209552 901681.6133
4080 37.011911 55.831846 902046.9425
4110 38.121602 57.442283 902404.1233
4140 39.344223 59.039084 902751.4754
4170 40.697172 60.620104 903087.3734
4200 42.201213 62.182734 903410.2537
4230 43.881212 63.723776 903718.6205
4260 45.767018 65.239285 904011.0514
4290 47.894481 66.724364 904286.2033
4320 50.306571 68.172891 904542.8172
4350 53.054466 69.577178 904779.7227
4380 56.198330 70.927544 904995.8432
4410 59.807215 72.211794 905190.1990
4440 63.957070 73.414651 905361.9116
4470 68.725193 74.517218 905510.2064
4500 74.178869 75.496681 905634.4160
4530 80.356128 76.326631 905733.9820
4560 87.238967 76.978505 905808.4577
4590 94.725629 77.424627 905857.5092
4620 102.616942 77.642724 905880.9168
4650 110.634016 77.620751 905878.5756
4680 118.470712 77.359959 905850.4961
4710 125.859603 76.874560 905796.8041
4740 132.619001 76.188183 905717.7401
4770 138.664053 75.328969 905613.6587
4800 143.989126 74.325262 905485.0269
4830 148.639377 73.202887 905332.4232
4860 152.685093 71.983943 905156.5345
4890 156.203968 70.686639 904958.1547
4920 159.270979 69.325647 904738.1808
4950 161.953637 67.912664 904497.6105
4980 164.310445 66.456973 904237.5377
5010 166.391016 64.965949 903959.1492
5040 168.236941 63.445466 903663.7197
5070 169.882899 61.900232 903352.6071
5100 171.357762 60.334041 903027.2476
5130 172.685588 58.749973 902689.1497
5160 173.886478 57.150546 902339.8887
5190 174.977289 55.537832 901981.1004
5220 175.972212 53.913549 901614.4747
5250 176.883251 52.279133 901241.7487
5280 177.720611 50.635789 900864.7002
5310 178.493004 48.984540 900485.1398
5340 179.207909 47.326255 900104.9043
5370 179.871773 45.661680 899725.8490
5400 180.490182 43.991460 899349.8397
5430 181.067997 42.316153 898978.7456
5460 181.609469 40.636250 898614.4314
5490 182.118329 38.952179 898258.7495
5520 182.597872 37.264322 897913.5327
5550 183.051011 35.573017 897580.5862
5580 183.480342 33.878569 897261.6803
5610 183.888182 32.181252 896958.5434
5640 184.276608 30.481315 896672.8545
5670 184.647495 28.778985 896406.2363
5700 185.002536 27.074470 896160.2489
5730 185.343269 25.367965 895936.3829
5760 185.671099 23.659649 895736.0539
5790 185.987313 21.949691 895560.5960
5820 186.293096 20.238249 895411.2571
5850 186.589544 18.525473 895289.1932
5880 186.877677 16.811507 895195.4642
5910 187.158447 15.096487 895131.0290
5940 187.432748 13.380546 895096.7423
5970 187.701426 11.663810 895093.3502
6000 187.965283 9.946402 895121.4878
6030 188.225087 8.228445 895181.6761
6060 188.481575 6.510054 895274.3197
6090 188.735462 4.791347 895399.7051
6120 188.987441 3.072437 895557.9991
6150 189.238197 1.353438 895749.2478
6180 189.488401 -0.365539 895973.3759
6210 189.738723 -2.084381 896230.1865
6240 189.989834 -3.802978 896519.3614
6270 190.242409 -5.521216 896840.4618
6300 190.497133 -7.238984 897192.9290
6330 190.754708 -8.956168 897576.0862
6360 191.015855 -10.672651 897989.1403
6390 191.281320 -12.388319 898431.1843
6420 191.551880 -14.103049 898901.1995
6450 191.828353 -15.816721 899398.0593
6480 192.111598 -17.529207 899920.5323
6510 192.402527 -19.240377 900467.2864
6540 192.702112 -20.950094 901036.8928
6570 193.011397 -22.658217 901627.8310
6600 193.331506 -24.364595 902238.4939
6630 193.663652 -26.069070 902867.1929
6660 194.009161 -27.771475 903512.1637
6690 194.369475 -29.471628 904171.5728
6720 194.746180 -31.169337 904843.5231
6750 195.141025 -32.864389 905526.0613
6780 195.555941 -34.556557 906217.1845
6810 195.993080 -36.245588 906914.8471
6840 196.454839 -37.931204 907616.9686
6870 196.943907 -39.613095 908321.4405
6900 197.463310 -41.290914 909026.1345
6930 198.016467 -42.964273 909728.9098
6960 198.607259 -44.632728 910427.6210
6990 199.240113 -46.295776 911120.1258
7020 199.920096 -47.952839 911804.2929
7050 200.653036 -49.603249 912478.0095
7080 201.445670 -51.246229 913139.1892
7110 202.305820 -52.880875 913785.7792
7140 203.242610 -54.506117 914415.7676
7170 204.266737 -56.120693 915027.1909
7200 205.390800 -57.723095 915618.1406
7230 206.629708 -59.311515 916186.7697
7260 208.001181 -60.883766 916731.2997
7290 209.526367 -62.437187 917250.0259
7320 211.230582 -63.968515 917741.3238
7350 213.144202 -65.473722 918203.6543
7380 215.303677 -66.947803 918635.5687
7410 217.752632 -68.384505 919035.7137
7440 220.542912 -69.775973 919402.8354
7470 223.735257 -71.112322 919735.7837
7500 227.399012 -72.381117 920033.5157
7530 231.609796 -73.566810 920295.0990
7560 236.443420 -74.650236 920519.7147
7590 241.963830 -75.608373 920706.6596
7620 248.203180 -76.414769 920855.3488
7650 255.134969 -77.041137 920965.3172
7680 262.647610 -77.460522 921036.2206
7710 270.533866 -77.651854 921067.8373
7740 278.512309 -77.604582 921060.0685
7770 286.281617 -77.321371 921012.9384
7800 293.584689 -76.817397 920926.5944
7830 300.251491 -76.116643 920801.3067
7860 306.206550 -75.247071 920637.4671
7890 311.449946 -74.236531 920435.5883
7920 316.029271 -73.110235 920196.3021
7950 320.015069 -71.889687 919920.3575
7980 323.484130 -70.592578 919608.6186
8010 326.510072 -69.233158 919262.0617
8040 329.158981 -67.822793 918881.7723
8070 331.488050 -66.370508 918468.9421
8100 333.545773 -64.883480 918024.8645
8130 335.372812 -63.367433 917550.9311
8160 337.003092 -61.826958 917048.6267
8190 338.464879 -60.265757 916519.5249
8220 339.781748 -58.686840 915965.2824
8250 340.973413 -57.092667 915387.6336
8280 342.056419 -55.485266 914788.3850
8310 343.044710 -53.866318 914169.4084
8340 343.950089 -52.237228 913532.6350
8370 344.782599 -50.599177 912880.0481
8400 345.550820 -48.953166 912213.6767
8430 346.262123 -47.300046 911535.5875
8460 346.922867 -45.640548 910847.8785
8490 347.538565 -43.975303 910152.6706
8520 348.114018 -42.304857 909452.1004
8550 348.653426 -40.629690 908748.3122
8580 349.160479 -38.950220 908043.4506
8610 349.638435 -37.266821 907339.6525
8640 350.090180 -35.579823 906639.0392
8670 350.518282 -33.889524 905943.7090
8700 350.925038 -32.196189 905255.7297
8730 351.312509 -30.500063 904577.1307
8760 351.682550 -28.801366 903909.8964
8790 352.036844 -27.100302 903255.9587
8820 352.376917 -25.397060 902617.1902
8850 352.704164 -23.691815 901995.3981
8880 353.019864 -21.984730 901392.3173
8910 353.325194 -20.275961 900809.6052
8940 353.621245 -18.565655 900248.8352
8970 353.909030 -16.853950 899711.4923
9000 354.189498 -15.140981 899198.9675
9030 354.463539 -13.426876 898712.5539
9060 354.731995 -11.711762 898253.4420
9090 354.995666 -9.995758 897822.7162
9120 355.255316 -8.278985 897421.3513
9150 355.511682 -6.561557 897050.2100
9180 355.765476 -4.843590 896710.0396
9210 356.017392 -3.125197 896401.4706
9240 356.268112 -1.406490 896125.0145
9270 356.518307 0.312419 895881.0627
9300 356.768649 2.031418 895669.8855
9330 357.019806 3.750395 895491.6320
9360 357.272456 5.469239 895346.3294
9390 357.527285 7.187835 895233.8840
9420 357.784994 8.906068 895154.0816
9450 358.046307 10.623823 895106.5890
9480 358.311972 12.340980 895090.9554
9510 358.582770 14.057418 895106.6144
9540 358.859519 15.773011 895152.8870
9570 359.143083 17.487631 895228.9836
9600 359.434378 19.201145 895334.0081
9630 359.734382 20.913412 895466.9614
9660 0.044144 22.624287 895626.7449
9690 0.364792 24.333617 895812.1660
9720 0.697551 26.041240 896021.9420
9750 1.043752 27.746982 896254.7060
9780 1.404851 29.450659 896509.0123
9810 1.782444 31.152071 896783.3419
9840 2.178293 32.851003 897076.1094
9870 2.594348 34.547220 897385.6690
9900 3.032777 36.240462 897710.3214
9930 3.496004 37.930445 898048.3209
9960 3.986741 39.616851 898397.8824
9990 4.508048 41.299327 898757.1890
10020 5.063381 42.977472 899124.3993
10050 5.656667 44.650834 899497.6551
10080 6.292385 46.318899 899875.0890
10110 6.975668 47.981075 900254.8322
10140 7.712423 49.636681 900635.0221
10170 8.509483 51.284924 901013.8099
10200 9.374785 52.924878 901389.3681
10230 10.317598 54.555453 901759.8984
10260 11.348793 56.175359 902123.6380
10290 12.481188 57.783056 902478.8676
10320 13.729964 59.376695 902823.9180
10350 15.113178 60.954041 903157.1765
10380 16.652401 62.512370 903477.0932
10410 18.373480 64.048341 903782.1877
10440 20.307450 65.557826 904071.0539
10470 22.491580 67.035692 904342.3661
10500 24.970500 68.475515 904594.8837
10530 27.797252 69.869223 904827.4562
10560 31.033942 71.206645 905039.0270
10590 34.751347 72.474981 905228.6377
10620 39.026327 73.658224 905395.4317
10650 43.935244 74.736655 905538.6569
10680 49.541061 75.686639 905657.6689
10710 55.872322 76.481138 905751.9330
10740 62.895338 77.091469 905821.0263
10770 70.487946 77.490687 905864.6390
10800 78.431256 77.658317 905882.5759
10830 86.435256 77.584985 905874.7566
10860 94.196696 77.274851 905841.2161
10890 101.463582 76.744507 905782.1047
10920 108.075100 76.018958 905697.6871
10950 113.965358 75.126699 905588.3421
10980 119.141956 74.095712 905454.5605
11010 123.657304 72.951085 905296.9439
11040 127.584464 71.714081 905116.2025
11070 131.001180 70.402114 904913.1520
11100 133.981102 69.029177 904688.7114
11130 136.589879 67.606406 904443.8990
11160 138.884078 66.142641 904179.8289
11190 140.911520 64.644904 903897.7070
11220 142.712231 63.118798 903598.8260
11250 144.319566 61.568816 903284.5610
11280 145.761292 59.998587 902956.3640
11310 147.060561 58.411059 902615.7582
11340 148.236730 56.808646 902264.3323
11370 149.306042 55.193339 901903.7342
11400 150.282188 53.566789 901535.6643
11430 151.176760 51.930381 901161.8691
11460 151.999621 50.285276 900784.1338
11490 152.759201 48.632462 900404.2754
11520 153.462743 46.972781 900024.1351
11550 154.116500 45.306955 899645.5711
11580 154.725891 43.635608 899270.4505
11610 155.295641 41.959286 898900.6424
11640 155.829881 40.278462 898538.0094
11670 156.332245 38.593555 898184.4004
11700 156.805940 36.904938 897841.6428
11730 157.253810 35.212941 897511.5352
11760 157.678385 33.517861 897195.8395
11790 158.081930 31.819966 896896.2742
11820 158.466476 30.119502 896614.5069
11850 158.833857 28.416690 896352.1476
11880 159.185731 26.711737 896110.7421
11910 159.523607 25.004832 895891.7655
11940 159.848863 23.296153 895696.6165
11970 160.162762 21.585866 895526.6115
12000 160.466471 19.874128 895382.9791
12030 160.761068 18.161087 895266.8553
12060 161.047558 16.446886 895179.2789
12090 161.326879 14.731659 895121.1870
12120 161.599915 13.015538 895093.4114
12150 161.867502 11.298649 895096.6748
12180 162.130434 9.581115 895131.5884
12210 162.389472 7.863056 895198.6485
12240 162.645348 6.144588 895298.2348
12270 162.898771 4.425828 895430.6085
12300 163.150434 2.706890 895595.9107
12330 163.401016 0.987886 895794.1617
12360 163.651189 -0.731071 896025.2604
12390 163.901623 -2.449871 896288.9841
12420 164.152988 -4.168401 896584.9889
12450 164.405962 -5.886549 896912.8103
12480 164.661234 -7.604202 897271.8645
12510 164.919507 -9.321246 897661.4497
12540 165.181508 -11.037566 898080.7484
12570 165.447991 -12.753044 898528.8295
12600 165.719739 -14.467560 899004.6512
12630 165.997578 -16.180991 899507.0643
12660 166.282379 -17.893208 900034.8156
12690 166.575065 -19.604080 900586.5521
12720 166.876623 -21.313471 901160.8251
12750 167.188113 -23.021235 901756.0952
12780 167.510676 -24.727222 902370.7376
12810 167.845549 -26.431272 903003.0469
12840 168.194081 -28.133213 903651.2439
12870 168.557743 -29.832863 904313.4806
12900 168.938153 -31.530025 904987.8478
12930 169.337098 -33.224484 905672.3809
12960 169.756552 -34.916007 906365.0673
12990 170.198716 -36.604336 907063.8533
13020 170.666047 -38.289186 907766.6519
13050 171.161300 -39.970242 908471.3498
13080 171.687580 -41.647147 909175.8153
13110 172.248398 -43.319502 909877.9059
13140 172.847745 -44.986852 910575.4764
13170 173.490173 -46.648678 911266.3860
13200 174.180900 -48.304386 911948.5069
13230 174.925937 -49.953284 912619.7312
13260 175.732233 -51.594573 913277.9789
13290 176.607868 -53.227314 913921.2054
13320 177.562277 -54.850402 914547.4085
13350 178.606529 -56.462524 915154.6358
13380 179.753680 -58.062116 915740.9913
13410 181.019188 -59.647295 916304.6422
13440 182.421450 -61.215783 916843.8250
13470 183.982430 -62.764802 917356.8516
13500 185.728444 -64.290942 917842.1154
13530 187.691069 -65.789986 918298.0960
13560 189.908187 -67.256691 918723.3645
13590 192.425091 -68.684492 919116.5885
13620 195.295481 -70.065145 919476.5358
13650 198.582001 -71.388266 919802.0788
13680 202.355622 -72.640806 920092.1979
13710 206.692679 -73.806487 920345.9846
13740 211.667716 -74.865325 920562.6444
13770 217.339865 -75.793504 920741.4991
13800 223.731212 -76.563999 920881.9890
13830 230.799113 -77.148484 920983.6747
13860 238.411641 -77.520845 921046.2381
13890 246.342722 -77.661892 921069.4835
13920 254.301335 -77.563766 921053.3381
13950 261.990491 -77.231970 920997.8526
13980 269.169176 -76.683935 920903.2003
14010 275.687984 -75.944892 920769.6775
14040 281.489664 -75.043073 920597.7018
14070 286.586759 -74.005924 920387.8112
14100 291.033554 -72.857917 920140.6629
14130 294.903044 -71.619731 919857.0304
14160 298.271926 -70.308285 919537.8018
14190 301.212453 -68.937167 919183.9771
14220 303.788862 -67.517201 918796.6645
14250 306.056450 -66.056982 918377.0778
14280 308.061957 -64.563347 917926.5315
14310 309.844522 -63.041754 917446.4375
14340 311.436778 -61.496587 916938.3000
14370 312.865916 -59.931388 916403.7105
14400 314.154627 -58.349036 915844.3428
14430 315.321896 -56.751893 915261.9472
14460 316.383672 -55.141906 914658.3446
14490 317.353407 -53.520692 914035.4199
14520 318.242504 -51.889604 913395.1160
14550 319.060668 -50.249783 912739.4266
14580 319.816206 -48.602193 912070.3891
14610 320.516256 -46.947660 911390.0778
14640 321.166985 -45.286890 910700.5959
14670 321.773745 -43.620495 910004.0684
14700 322.341199 -41.949007 909302.6342
14730 322.873434 -40.272892 908598.4384
14760 323.374040 -38.592557 907893.6245
14790 323.846192 -36.908366 907190.3267
14820 324.292704 -35.220642 906490.6621
14850 324.716083 -33.529676 905796.7232
14880 325.118573 -31.835728 905110.5702
14910 325.502188 -30.139037 904434.2235
14940 325.868745 -28.439821 903769.6569
14970 326.219892 -26.738278 903118.7903
15000 326.557125 -25.034596 902483.4830
15030 326.881813 -23.328946 901865.5272
15060 327.195212 -21.621491 901266.6419
15090 327.498481 -19.912383 900688.4670
15120 327.792691 -18.201767 900132.5577
15150 328.078844 -16.489782 899600.3792
15180 328.357872 -14.776561 899093.3022
15210 328.630656 -13.062232 898612.5983
15240 328.898029 -11.346918 898159.4357
15270 329.160782 -9.630741 897734.8757
15300 329.419673 -7.913819 897339.8696
15330 329.675433 -6.196267 896975.2557
15360 329.928770 -4.478200 896641.7567
15390 330.180375 -2.759731 896339.9779
15420 330.430927 -1.040972 896070.4052
15450 330.681098 0.677966 895833.4045
15480 330.931556 2.396970 895629.2203
15510 331.182974 4.115928 895457.9757
15540 331.436029 5.834728 895319.6723
15570 331.691411 7.553257 895214.1905
15600 331.949825 9.271399 895141.2908
15630 332.212000 10.989036 895100.6148
15660 332.478690 12.706051 895091.6869
15690 332.750684 14.422319 895113.9167
15720 333.028808 16.137717 895166.6011
15750 333.313937 17.852113 895248.9280
15780 333.607001 19.565373 895359.9787
15810 333.908989 21.277357 895498.7327
15840 334.220968 22.987917 895664.0711
15870 334.544086 24.696897 895854.7816
15900 334.879589 26.404135 896069.5633
15930 335.228831 28.109454 896307.0320
15960 335.593298 29.812666 896565.7258
15990 335.974620 31.513570 896844.1112
16020 336.374596 33.211945 897140.5893
16050 336.795219 34.907552 897453.5024
16080 337.238710 36.600126 897781.1407
16110 337.707549 38.289376 898121.7495
16140 338.204518 39.974977 898473.5364
16170 338.732757 41.656567 898834.6785
16200 339.295814 43.333735 899203.3304
16230 339.897728 45.006016 899577.6312
16260 340.543107 46.672881 899955.7125
16290 341.237238 48.333721 900335.7063
16320 341.986211 49.987831 900715.7522
16350 342.797077 51.634394 901094.0053
16380 343.678036 53.272451 901468.6438
16410 344.638673 54.900873 901837.8762
16440 345.690243 56.518321 902199.9485
16470 346.846027 58.123195 902553.1514
16500 348.121771 59.713571 902895.8272
16530 349.536223 61.287120 903226.3759
16560 351.111794 62.840998 903543.2622
16590 352.875352 64.371712 903845.0207
16620 354.859168 65.874942 904130.2622
16650 357.101980 67.345305 904397.6785
16680 359.650126 68.776061 904646.0480
16710 2.558543 70.158732 904874.2395
16740 5.891269 71.482634 905081.2173
16770 9.720692 72.734334 905266.0442
16800 14.124296 73.897072 905427.8855
16830 19.176930 74.950295 905566.0120
16860 24.936283 75.869571 905679.8023
16890 31.420125 76.627312 905768.7453
16920 38.577832 77.194862 905832.4422
16950 46.266395 77.546233 905870.6073
16980 54.248365 77.662963 905883.0699
17010 62.225329 77.538464 905869.7740
17040 69.899969 77.179755 905830.7793
17070 77.037570 76.605616 905766.2604
17100 83.498315 75.842196 905676.5064
17130 89.234231 74.918167 905561.9200
17160 94.264814 73.861037 905423.0157
17190 98.648620 72.695120 905260.4185
17220 102.460770 71.440840 905074.8612
17250 105.778670 70.114842 904867.1817
17280 108.674475 68.730462 904638.3204
17310 111.211928 67.298302 904389.3163
17340 113.445677 65.826777 904121.3035
17370 115.421796 64.322580 903835.5066
17400 117.178797 62.791053 903533.2364
17430 118.748759 61.236488 903215.8846
17460 120.158394 59.662353 902884.9190
17490 121.429980 58.071474 902541.8772
17520 122.582159 56.466165 902188.3610
17550 123.630590 54.848338 901826.0299
17580 124.588482 53.219585 901456.5949
17610 125.467032 51.581236 901081.8112
17640 126.275773 49.934415 900703.4714
17670 127.022866 48.280074 900323.3982
17700 127.715329 46.619029 899943.4371
17730 128.359222 44.951980 899565.4489
17760 128.959810 43.279532 899191.3017
17790 129.521680 41.602215 898822.8638
17820 130.048854 39.920489 898461.9956
17850 130.544866 38.234764 898110.5420
17880 131.012842 36.545401 897770.3251
17910 131.455556 34.852725 897443.1361
17940 131.875478 33.157025 897130.7283
17970 132.274820 31.458564 896834.8101
18000 132.655569 29.757582 896557.0373
18030 133.019518 28.054299 896299.0067
18060 133.368294 26.348915 896062.2498
18090 133.703375 24.641618 895848.2258
18120 134.026113 22.932584 895658.3165
18150 134.337752 21.221976 895493.8199
18180 134.639435 19.509948 895355.9454
18210 134.932226 17.796649 895245.8088
18240 135.217115 16.082219 895164.4274
18270 135.495027 14.366791 895112.7164
18300 135.766836 12.650496 895091.4845
18330 136.033368 10.933460 895101.4312
18360 136.295410 9.215804 895143.1432
18390 136.553715 7.497648 895217.0923
18420 136.809010 5.779109 895323.6331
18450 137.062001 4.060301 895463.0014
18480 137.313378 2.341340 895635.3127
18510 137.563817 0.622336 895840.5614
18540 137.813989 -1.096597 896078.6207
18570 138.064565 -2.815348 896349.2420
18600 138.316215 -4.533806 896652.0557
18630 138.569620 -6.251859 896986.5717
18660 138.825470 -7.969392 897352.1811
18690 139.084474 -9.686292 897748.1573
18720 139.347365 -11.402443 898173.6584
18750 139.614900 -13.117727 898627.7295
18780 139.887873 -14.832022 899109.3058
18810 140.167118 -16.545205 899617.2155
18840 140.453516 -18.257148 900150.1839
18870 140.748004 -19.967717 900706.8373
18900 141.051583 -21.676774 901285.7072
18930 141.365329 -23.384173 901885.2358
18960 141.690403 -25.089762 902503.7804
18990 142.028064 -26.793378 903139.6197
19020 142.379685 -28.494848 903790.9591
19050 142.746768 -30.193986 904455.9373
19080 143.130964 -31.890591 905132.6325
19110 143.534097 -33.584446 905819.0694
19140 143.958189 -35.275312 906513.2260
19170 144.405489 -36.962926 907213.0411
19200 144.878516 -38.646998 907916.4212
19230 145.380095 -40.327202 908621.2486
19260 145.913410 -42.003175 909325.3886
19290 146.482070 -43.674505 910026.6976
19320 147.090176 -45.340726 910723.0305
19350 147.742413 -47.001304 911412.2488
19380 148.444158 -48.655625 912092.2281
19410 149.201604 -50.302977 912760.8659
19440 150.021927 -51.942532 913416.0891
19470 150.913473 -53.573319 914055.8616
19500 151.885999 -55.194192 914678.1911
19530 152.950966 -56.803790 915281.1366
19560 154.121901 -58.400487 915862.8151
19590 155.414840 -59.982323 916421.4079
19620 156.848880 -61.546922 916955.1671
19650 158.446842 -63.091386 917462.4216
19680 160.236079 -64.612147 917941.5825
19710 162.249417 -66.104793 918391.1484
19740 164.526223 -67.563825 918809.7108
19770 167.113502 -68.982356 919195.9580
19800 170.066837 -70.351725 919548.6800
19830 173.450752 -71.661030 919866.7716
19860 177.337715 -72.896582 920149.2367
19890 181.804464 -74.041346 920395.1909
19920 186.923667 -75.074518 920603.8640
19950 192.748658 -75.971510 920774.6032
19980 199.290169 -76.704810 920906.8740
20010 206.488243 -77.246213 921000.2627
20040 214.190327 -77.570665 921054.4772
20070 222.152847 -77.661065 921069.3479
20100 230.077960 -77.512339 921044.8283
20130 237.675932 -77.132762 920980.9952
20160 244.723480 -76.541825 920878.0480
20190 251.091794 -75.765784 920736.3090
20220 256.740769 -74.832967 920556.2215
20250 261.694102 -73.770318 920338.3490
20280 266.011721 -72.601535 920083.3734
20310 269.768399 -71.346474 919792.0931
20340 273.040381 -70.021303 919465.4201
20370 275.898400 -68.638975 919104.3777
20400 278.404809 -67.209795 918710.0969
20430 280.613025 -65.741950 918283.8130
20460 282.568083 -64.241952 917826.8620
20490 284.307646 -62.715011 917340.6755
20520 285.863104 -61.165313 916826.7767
20550 287.260616 -59.596244 916286.7753
20580 288.522024 -58.010565 915722.3616
20610 289.665617 -56.410540 915135.3016
20640 290.706769 -54.798040 914527.4302
20670 291.658465 -53.174621 913900.6453
20700 292.531716 -51.541587 913256.9011
20730 293.335910 -49.900038 912598.2012
20760 294.079086 -48.250907 911926.5916
20790 294.768161 -46.594991 911244.1532
20820 295.409117 -44.932977 910552.9946
20850 296.007149 -43.265457 909855.2443
20880 296.566790 -41.592949 909153.0432
20910 297.092013 -39.915903 908448.5367
20940 297.586316 -38.234719 907743.8670
20970 298.052790 -36.549751 907041.1653
21000 298.494183 -34.861315 906342.5441
21030 298.912940 -33.169693 905650.0896
21060 299.311255 -31.475143 904965.8543
21090 299.691096 -29.777898 904291.8491
21120 300.054244 -28.078170 903630.0371
21150 300.402311 -26.376158 902982.3258
21180 300.736766 -24.672043 902350.5607
21210 301.058952 -22.965996 901736.5190
21240 301.370103 -21.258176 901141.9033
21270 301.671358 -19.548736 900568.3360
21300 301.963774 -17.837818 900017.3536
21330 302.248335 -16.125559 899490.4016
21360 302.525963 -14.412092 898988.8300
21390 302.797529 -12.697543 898513.8885
21420 303.063854 -10.982036 898066.7232
21450 303.325723 -9.265690 897648.3721
21480 303.583888 -7.548624 897259.7627
21510 303.839074 -5.830953 896901.7090
21540 304.091985 -4.112791 896574.9087
21570 304.343310 -2.394251 896279.9420
21600 304.593725 -0.675445 896017.2693
21630 304.843901 1.043516 895787.2308
21660 305.094507 2.762520 895590.0451
21690 305.346216 4.481454 895425.8095
21720 305.599708 6.200206 895294.4998
21750 305.855675 7.918662 895195.9708
21780 306.114827 9.636706 895129.9576
21810 306.377898 11.354222 895096.0767
21840 306.645648 13.071088 895093.8279
21870 306.918875 14.787182 895122.5965
21900 307.198414 16.502377 895181.6562
21930 307.485151 18.216543 895270.1717
21960 307.780026 19.929544 895387.2024
21990 308.084048 21.641237 895531.7066
22020 308.398296 23.351475 895702.5450
22050 308.723940 25.060099 895898.4862
22080 309.062247 26.766943 896118.2109
22110 309.414598 28.471831 896360.3181
22140 309.782508 30.174570 896623.3301
22170 310.167639 31.874955 896905.6989
22200 310.571832 33.572762 897205.8126
22230 310.997124 35.267746 897522.0018
22260 311.445788 36.959639 897852.5466
22290 311.920364 38.648142 898195.6836
22320 312.423708 40.332922 898549.6134
22350 312.959038 42.013607 898912.5077
22380 313.530003 43.689777 899282.5170
22410 314.140753 45.360953 899657.7782
22440 314.796031 47.026591 900036.4225
22470 315.501285 48.686062 900416.5827
22500 316.262793 50.338640 900796.4011
22530 317.087835 51.983480 901174.0372
22560 317.984884 53.619589 901547.6749
22590 318.963853 55.245797 901915.5300
22620 320.036397 56.860715 902275.8577
22650 321.216280 58.462679 902626.9589
22680 322.519838 60.049688 902967.1877
22710 323.966539 61.619311 903294.9573
22740 325.579669 63.168581 903608.7468
22770 327.387162 64.693844 903907.1065
22800 329.422571 66.190577 904188.6641
22830 331.726156 67.653134 904452.1293
22860 334.346010 69.074441 904696.2994
22890 337.338991 70.445593 904920.0632
22920 340.771036 71.755370 905122.4055
22950 344.716009 72.989677 905302.4108
22980 349.251673 74.130981 905459.2666
23010 354.450715 75.157891 905592.2662
23040 0.364514 76.045204 905700.8116
23070 6.998745 76.764876 905784.4156
23100 14.284691 77.288453 905842.7030
23130 22.058347 77.591124 905875.4129
23160 30.065243 77.656649 905882.3986
23190 38.001489 77.481309 905863.6289
23220 45.578596 77.074889 905819.1879
23250 52.580610 76.458156 905749.2746
23280 58.888508 75.658177 905654.2024
23310 64.471071 74.703628 905534.3978
23340 69.358368 73.621457 905390.3992
23370 73.614080 72.435172 905222.8545
23400 77.314745 71.164369 905032.5191
23430 80.537104 69.824940 904820.2531
23460 83.351676 68.429593 904587.0181
23490 85.820273 66.988423 904333.8737
23520 87.995652 65.509441 904061.9736
23550 89.922185 63.999024 903772.5610
23580 91.636924 62.462270 903466.9645
23610 93.170719 60.903277 903146.5924
23640 94.549265 59.325364 902812.9277
23670 95.794009 57.731237 902467.5223
23700 96.922905 56.123118 902111.9908
23730 97.951051 54.502844 901748.0043
23760 98.891195 52.871947 901377.2835
23790 99.754151 51.231708 901001.5924
23820 100.549141 49.583213 900622.7305
23850 101.284065 47.927383 900242.5260
23880 101.965721 46.265006 899862.8283
23910 102.599989 44.596761 899485.5004
23940 103.191980 42.923236 899112.4110
23970 103.746153 41.244944 898745.4275
24000 104.266418 39.562336 898386.4076
24030 104.756220 37.875808 898037.1919
24060 105.218603 36.185715 897699.5966
24090 105.656272 34.492372 897375.4055
24120 106.071641 32.796064 897066.3630
24150 106.466869 31.097048 896774.1667
24180 106.843902 29.395559 896500.4606
24210 107.204494 27.691812 896246.8281
24240 107.550238 25.986006 896014.7858
24270 107.882585 24.278326 895805.7769
24300 108.202862 22.568944 895621.1659
24330 108.512291 20.858021 895462.2325
24360 108.811997 19.145711 895330.1664
24390 109.103027 17.432160 895226.0629
24420 109.386357 15.717506 895150.9180
24450 109.662900 14.001883 895105.6244
24480 109.933519 12.285420 895090.9680
24510 110.199031 10.568242 895107.6244
24540 110.460216 8.850470 895156.1562
24570 110.717821 7.132223 895237.0103
24600 110.972568 5.413617 895350.5164
24630 111.225159 3.694768 895496.8845
24660 111.476279 1.975788 895676.2046
24690 111.726605 0.256790 895888.4454
24720 111.976808 -1.462114 896133.4540
24750 112.227555 -3.180813 896410.9561
24780 112.479522 -4.899194 896720.5564
24810 112.733388 -6.617145 897061.7396
24840 112.989849 -8.334553 897433.8713
24870 113.249618 -10.051304 897836.2005
24900 113.513431 -11.767281 898267.8608
24930 113.782055 -13.482364 898727.8738
24960 114.056290 -15.196434 899215.1516
24990 114.336981 -16.909364 899728.5003
25020 114.625019 -18.621026 900266.6236
25050 114.921354 -20.331285 900828.1274
25080 115.227002 -22.040002 901411.5239
25110 115.543056 -23.747029 902015.2365
25140 115.870698 -25.452212 902637.6056
25170 116.211209 -27.155387 903276.8936
25200 116.565987 -28.856377 903931.2914
25230 116.936566 -30.554994 904598.9240
25260 117.324630 -32.251033 905277.8579
25290 117.732044 -33.944274 905966.1071
25320 118.160874 -35.634471 906661.6408
25350 118.613425 -37.321357 907362.3902
25380 119.092275 -39.004634 908066.2560
25410 119.600323 -40.683970 908771.1164
25440 120.140837 -42.358992 909474.8340
25470 120.717523 -44.029277 910175.2643
25500 121.334600 -45.694346 910870.2629
25530 121.996890 -47.353647 911557.6937
25560 122.709930 -49.006549 912235.4363
25590 123.480111 -50.652317 912901.3939
25620 124.314837 -52.290094 913553.5005
25650 125.222734 -53.918875 914189.7288
25680 126.213894 -55.537473 914808.0969
25710 127.300186 -57.144474 915406.6755
25740 128.495628 -58.738187 915983.5946
25770 129.816859 -60.316572 916537.0503
25800 131.283707 -61.877153 917065.3104
25830 132.919885 -63.416900 917566.7208
25860 134.753824 -64.932085 918039.7108
25890 136.819652 -66.418085 918482.7985
25920 139.158268 -67.869134 918894.5954
25950 141.818434 -69.278004 919273.8111
25980 144.857635 -70.635599 919619.2577
26010 148.342233 -71.930471 919929.8529
26040 152.346038 -73.148265 920204.6241
26070 156.945820 -74.271173 920442.7108
26100 162.211684 -75.277564 920643.3679
26130 168.190109 -76.142117 920805.9672
26160 174.879162 -76.836932 920930.0002
26190 182.200511 -77.334103 921015.0787
26220 189.981000 -77.609856 921060.9366
26250 197.961249 -77.649375 921067.4306
26280 205.839536 -77.450431 921034.5403
26310 213.336125 -77.023972 920962.3685
26340 220.246739 -76.391338 920851.1411
26370 226.462845 -75.579592 920701.2059
26400 231.960289 -74.617002 920513.0320
26430 236.772648 -73.529927 920287.2084
26460 240.964518 -72.341264 920024.4418
26490 244.611857 -71.070058 919725.5550
26520 247.790147 -69.731746 919391.4838
26550 250.568479 -68.338671 919023.2749
26580 253.007301 -66.900647 918622.0816
26610 255.158179 -65.425468 918189.1612
26640 257.064487 -63.919343 917725.8700
26670 258.762463 -62.387242 917233.6599
26700 260.282302 -60.833165 916714.0728
26730 261.649174 -59.260351 916168.7358
26760 262.884105 -57.671447 915599.3561
26790 264.004714 -56.068624 915007.7146
26820 265.025829 -54.453681 914395.6603
26850 265.959980 -52.828116 913765.1036
26880 266.817810 -51.193185 913118.0098
26910 267.608397 -49.549950 912456.3920
26940 268.339523 -47.899314 911782.3043
26970 269.017893 -46.242048 911097.8342
27000 269.649310 -44.578816 910405.0951
27030 270.238819 -42.910194 909706.2189
27060 270.790825 -41.236685 909003.3479
27090 271.309195 -39.558727 908298.6276
27120 271.797334 -37.876711 907594.1985
27150 272.258256 -36.190980 906892.1885
27180 272.694639 -34.501843 906194.7050
27210 273.108874 -32.809578 905503.8279
27240 273.503102 -31.114436 904821.6012
27270 273.879251 -29.416646 904150.0264
27300 274.239062 -27.716416 903491.0552
27330 274.584116 -26.013942 902846.5826
27360 274.915853 -24.309402 902218.4401
27390 275.235592 -22.602965 901608.3895
27420 275.544546 -20.894789 901018.1169
27450 275.843836 -19.185022 900449.2267
27480 276.134501 -17.473808 899903.2366
27510 276.417513 -15.761282 899381.5721
27540 276.693781 -14.047574 898885.5623
27570 276.964164 -12.332811 898416.4352
27600 277.229477 -10.617115 897975.3141
27630 277.490497 -8.900607 897563.2139
27660 277.747968 -7.183403 897181.0380
27690 278.002612 -5.465618 896829.5760
27720 278.255129 -3.747366 896509.5007
27750 278.506204 -2.028760 896221.3669
27780 278.756512 -0.309911 895965.6096
27810 279.006723 1.409068 895742.5431
27840 279.257508 3.128066 895552.3604
27870 279.509539 4.846971 895395.1327
27900 279.763498 6.565670 895270.8102
27930 280.020082 8.284048 895179.2220
27960 280.280006 10.001990 895120.0779
27990 280.544007 11.719377 895092.9694
28020 280.812854 13.436090 895097.3719
28050 281.087351 15.152004 895132.6465
28080 281.368345 16.866991 895198.0436
28110 281.656732 18.580921 895292.7052
28140 281.953466 20.293656 895415.6689
28170 282.259569 22.005052 895565.8717
28200 282.576139 23.714960 895742.1544
28230 282.904366 25.423220 895943.2665
28260 283.245540 27.129664 896167.8710
28290 283.601068 28.834110 896414.5498
28320 283.972495 30.536367 896681.8099
28350 284.361520 32.236223 896968.0892
28380 284.770021 33.933451 897271.7630
28410 285.200085 35.627802 897591.1505
28440 285.654036 37.318999 897924.5220
28470 286.134480 39.006740 898270.1060
28500 286.644342 40.690682 898626.0960
28530 287.186929 42.370444 898990.6587
28560 287.765988 44.045593 899361.9411
28590 288.385788 45.715640 899738.0782
28620 289.051212 47.380022 900117.2010
28650 289.767871 49.038092 900497.4435
28680 290.542244 50.689100 900876.9513
28710 291.381845 52.332171 901253.8881
28740 292.295430 53.966279 901626.4443
28770 293.293258 55.590212 901992.8433
28800 294.387395 57.202524 902351.3495
28830 295.592114 58.801489 902700.2745
28860 296.924364 60.385020 903037.9845
28890 298.404363 61.950584 903362.9063
28920 300.056312 63.495081 903673.5334
28950 301.909254 65.014690 903968.4322
28980 303.998073 66.504671 904246.2475
29010 306.364603 67.959104 904505.7072
29040 309.058734 69.370561 904745.6277
29070 312.139264 70.729690 904964.9178
29100 315.673983 72.024705 905162.5833
29130 319.738053 73.240829 905337.7303
29160 324.409121 74.359731 905489.5684
29190 329.756984 75.359185 905617.4141
29220 335.825596 76.213258 905720.6927
29250 342.607191 76.893559 905798.9406
29280 350.013949 77.372022 905851.8068
29310 357.861038 77.625244 905879.0547
29340 5.878867 77.639393 905880.5622
29370 13.761129 77.413663 905856.3225
29400 21.230851 76.960491 905806.4442
29430 28.091936 76.302405 905731.1506
29460 34.245680 75.467175 905630.7795
29490 39.676353 74.483331 905505.7812
29520 44.423318 73.377183 905356.7175
29550 48.554441 72.171417 905184.2594
29580 52.147116 70.884806 904989.1849
29610 55.277129 69.532519 904772.3759
29640 58.013264 68.126660 904534.8152
29670 60.415389 66.676840 904277.5827
29700 62.534400 65.190688 904001.8514
29730 64.413019 63.674281 903708.8832
29760 66.086886 62.132484 903400.0241
29790 67.585673 60.569212 903076.6987
29820 68.934099 58.987643 902740.4052
29850 70.152809 57.390369 902392.7093
29880 71.259104 55.779523 902035.2382
29910 72.267539 54.156871 901669.6739
29940 73.190422 52.523887 901297.7473
29970 74.038202 50.881808 900921.2301
30000 74.819798 49.231681 900541.9288
30030 75.542858 47.574397 900161.6767
30060 76.213972 45.910718 899782.3267
30090 76.838846 44.241304 899405.7436
30120 77.422442 42.566725 899033.7965
30150 77.969094 40.887479 898668.3514
30180 78.482607 39.204006 898311.2630
30210 78.966335 37.516692 897964.3674
30240 79.423247 35.825882 897629.4745
30270 79.855981 34.131886 897308.3602
30300 80.266894 32.434981 897002.7597
30330 80.658097 30.735420 896714.3597
30360 81.031492 29.033434 896444.7919
30390 81.388798 27.329233 896195.6261
30420 81.731577 25.623013 895968.3636
30450 82.061250 23.914957 895764.4317
30480 82.379121 22.205234 895585.1769
30510 82.686391 20.494003 895431.8604
30540 82.984167 18.781418 895305.6523
30570 83.273480 17.067621 895207.6270
30600 83.555292 15.352750 895138.7589
30630 83.830505 13.636938 895099.9183
30660 84.099971 11.920312 895091.8679
30690 84.364499 10.202998 895115.2595
30720 84.624860 8.485115 895170.6312
30750 84.881798 6.766782 895258.4054
30780 85.136028 5.048114 895378.8861
30810 85.388249 3.329228 895532.2581
30840 85.639145 1.610235 895718.5857
30870 85.889389 -0.108753 895937.8115
30900 86.139651 -1.827622 896189.7571
30930 86.390601 -3.546263 896474.1222
30960 86.642914 -5.264562 896790.4859
30990 86.897273 -6.982407 897138.3074
31020 87.154377 -8.699685 897516.9276
31050 87.414943 -10.416281 897925.5704
31080 87.679714 -12.132078 898363.3457
31110 87.949463 -13.846956 898829.2514
31140 88.224999 -15.560794 899322.1767
31170 88.507176 -17.273465 899840.9057
31200 88.796896 -18.984840 900384.1210
31230 89.095124 -20.694783 900950.4079
31260 89.402891 -22.403153 901538.2596
31290 89.721308 -24.109802 902146.0812
31320 90.051575 -25.814572 902772.1962
31350 90.394998 -27.517297 903414.8511
31380 90.753004 -29.217799 904072.2223
31410 91.127154 -30.915885 904742.4219
31440 91.519170 -32.611349 905423.5046
31470 91.930958 -34.303963 906113.4743
31500 92.364631 -35.993480 906810.2915
31530 92.822549 -37.679624 907511.8802
31560 93.307354 -39.362093 908216.1358
31590 93.822018 -41.040544 908920.9325
31620 94.369898 -42.714596 909624.1307
31650 94.954801 -44.383814 910323.5852
31680 95.581067 -46.047705 911017.1530
31710 96.253658 -47.705702 911702.7004
31740 96.978283 -49.357151 912378.1114
31770 97.761532 -51.001296 913041.2953
31800 98.611050 -52.637250 913690.1937
31830 99.535754 -54.263972 914322.7882
31860 100.546084 -55.880231 914937.1076
31890 101.654332 -57.484558 915531.2346
31920 102.875032 -59.075196 916103.3129
31950 104.225449 -60.650019 916651.5531
31980 105.726175 -62.206444 917174.2392
32010 107.401849 -63.741307 917669.7345
32040 109.282032 -65.250707 918136.4867
32070 111.402194 -66.729802 918573.0332
32100 113.804822 -68.172543 918978.0062
32130 116.540473 -69.571342 919350.1368
32160 119.668546 -70.916646 919688.2590
32190 123.257181 -72.196439 919991.3138
32220 127.381333 -73.395672 920258.3521
32250 132.117378 -74.495744 920488.5377
32280 137.532096 -75.474205 920681.1502
32310 143.663975 -76.305050 920835.5869
32340 150.497102 -76.960102 920951.3644
32370 157.933871 -77.411947 921028.1206
32400 165.780870 -77.638317 921065.6155
32430 173.764955 -77.626851 921063.7318
32460 181.583561 -77.378196 921022.4754
32490 188.969459 -76.905838 920941.9753
32520 195.738281 -76.232748 920822.4833
32550 201.801190 -75.386586 920664.3731
32580 207.148720 -74.395421 920468.1396
32610 211.823097 -73.284956 920234.3968
32640 215.892696 -72.077274 919963.8764
32670 219.434129 -70.790619 919657.4253
32700 222.521859 -69.439722 919316.0034
32730 225.223238 -68.036343 918940.6801
32760 227.596802 -66.589824 918532.6313
32790 229.692298 -65.107591 918093.1355
32820 231.551491 -63.595563 917623.5700
32850 233.209242 -62.058482 917125.4060
32880 234.694598 -60.500172 916600.2041
32910 236.031778 -58.923733 916049.6089
32940 237.241025 -57.331700 915475.3436
32970 238.339320 -55.726161 914879.2043
33000 239.340962 -54.108842 914263.0535
33030 240.258050 -52.481187 913628.8139
33060 241.100868 -50.844408 912978.4615
33090 241.878198 -49.199529 912314.0187
33120 242.597577 -47.547422 911637.5474
33150 243.265505 -45.888834 910951.1413
33180 243.887611 -44.224411 910256.9181
33210 244.468795 -42.554710 909557.0128
33240 245.013342 -40.880220 908853.5690
33270 245.525012 -39.201368 908148.7317
33300 246.007123 -37.518534 907444.6395
33330 246.462613 -35.832055 906743.4165
33360 246.894095 -34.142231 906047.1649
33390 247.303904 -32.449334 905357.9574
33420 247.694132 -30.753610 904677.8299
33450 248.066667 -29.055284 904008.7738
33480 248.423212 -27.354561 903352.7292
33510 248.765318 -25.651633 902711.5782
33540 249.094397 -23.946676 902087.1380
33570 249.411745 -22.239856 901481.1548
33600 249.718553 -20.531329 900895.2977
33630 250.015924 -18.821243 900331.1533
33660 250.304883 -17.109739 899790.2200
33690 250.586386 -15.396950 899273.9032
33720 250.861332 -13.683008 898783.5107
33750 251.130571 -11.968036 898320.2488
33780 251.394907 -10.252158 897885.2178
33810 251.655110 -8.535492 897479.4093
33840 251.911921 -6.818155 897103.7026
33870 252.166055 -5.100261 896758.8627
33900 252.418208 -3.381924 896445.5375
33930 252.669063 -1.663257 896164.2563
33960 252.919295 0.055628 895915.4287
33990 253.169572 1.774621 895699.3430
34020 253.420565 3.493609 895516.1664
34050 253.672948 5.212480 895365.9444
34080 253.927407 6.931120 895248.6013
34110 254.184641 8.649415 895163.9408
34140 254.445368 10.367249 895111.6473
34170 254.710335 12.084503 895091.2876
34200 254.980315 13.801056 895102.3124
34230 255.256121 15.516783 895144.0592
34260 255.538610 17.231557 895215.7548
34290 255.828690 18.945245 895316.5190
34320 256.127328 20.657707 895445.3675
34350 256.435562 22.368800 895601.2165
34380 256.754509 24.078371 895782.8870
34410 257.085377 25.786259 895989.1095
34440 257.429481 27.492293 896218.5295
34470 257.788256 29.196291 896469.7124
34500 258.163277 30.898055 896741.1500
34530 258.556280 32.597372 897031.2663
34560 258.969185 34.294010 897338.4242
34590 259.404125 35.987714 897660.9318
34620 259.863482 37.678203 897997.0499
34650 260.349924 39.365166 898344.9990
34680 260.866455 41.048252 898702.9663
34710 261.416468 42.727072 899069.1136
34740 262.003814 44.401180 899441.5847
34770 262.632884 46.070071 899818.5133
34800 263.308707 47.733168 900198.0301
34830 264.037065 49.389803 900578.2711
34860 264.824641 51.039201 900957.3851
34890 265.679195 52.680458 901333.5409
34920 266.609780 54.312511 901704.9351
34950 267.627009 55.934102 902069.7995
34980 268.743385 57.543732 902426.4078
35010 269.973704 59.139603 902773.0828
35040 271.335558 60.719542 903108.2028
35070 272.849947 62.280908 903430.2085
35100 274.542025 63.820460 903737.6084
35130 276.441988 65.334201 904028.9851
35160 278.586104 66.817163 904303.0006
35190 281.017832 68.263137 904558.4012
35220 283.788899 69.664324 904794.0227
35250 286.960049 71.010897 905008.7942
35280 290.600857 72.290486 905201.7424
35310 294.787570 73.487599 905371.9952
35340 299.597263 74.583094 905518.7849
35370 305.096031 75.553914 905641.4507
35400 311.319212 76.373453 905739.4414
35430 318.244272 77.013099 905812.3173
35460 325.763445 77.445370 905859.7517
35490 333.671592 77.648505 905881.5322
35520 341.686247 77.611240 905877.5611
35550 349.501804 77.335695 905847.8562
35580 356.855216 76.836807 905792.5507
35610 3.570971 76.138641 905711.8922
35640 9.569957 75.269461 905606.2425
35670 14.850618 74.257517 905476.0759
35700 19.460389 73.128419 905321.9774
35730 23.470462 71.904018 905144.6412
35760 26.958590 70.602284 904944.8675
35790 29.999375 69.237684 904723.5600
35820 32.659781 67.821746 904481.7224
35850 34.997732 66.363619 904220.4547
35880 37.062303 64.870571 903940.9494
35910 38.894616 63.348393 903644.4866
35940 40.528949 61.801729 903332.4293
35970 41.993842 60.234322 903006.2184
36000 43.313079 58.649214 902667.3669
36030 44.506536 57.048889 902317.4541
36060 45.590885 55.435395 901958.1193
36090 46.580165 53.810431 901591.0557
36120 47.486258 52.175417 901218.0033
36150 48.319264 50.531544 900840.7418
36180 49.087810 48.879826 900461.0841
36210 49.799305 47.221122 900080.8682
36240 50.460136 45.556172 899701.9501
36270 51.075839 43.885614 899326.1964
36300 51.651235 42.210002 898955.4761
36330 52.190538 40.529823 898591.6533
36360 52.697450 38.845502 898236.5795
36390 53.175239 37.157417 897892.0858
36420 53.626799 35.465905 897559.9756
36450 54.054704 33.771268 897242.0166
36480 54.461256 32.073778 896939.9344
36510 54.848520 30.373683 896655.4046
36540 55.218355 28.671208 896390.0461
36570 55.572446 26.966562 896145.4148
36600 55.912323 25.259937 895922.9969
36630 56.239381 23.551512 895724.2027
36660 56.554901 21.841456 895550.3612
36690 56.860062 20.129925 895402.7146
36720 57.155954 18.417070 895282.4130
36750 57.443594 16.703033 895190.5100
36780 57.723929 14.987951 895127.9581
36810 57.997850 13.271955 895095.6050
36840 58.266199 11.555173 895094.1900
36870 58.529778 9.837728 895124.3412
36900 58.789350 8.119739 895186.5720
36930 59.045653 6.401325 895281.2799
36960 59.299398 4.682602 895408.7436
36990 59.551280 2.963683 895569.1225
37020 59.801981 1.244682 895762.4549
37050 60.052173 -0.474290 895988.6578
37080 60.302525 -2.193120 896247.5266
37110 60.553708 -3.911697 896538.7357
37140 60.806399 -5.629909 896861.8383
37170 61.061282 -7.347643 897216.2685
37200 61.319062 -9.064786 897601.3419
37230 61.580459 -10.781222 898016.2582
37260 61.846223 -12.496833 898460.1031
37290 62.117133 -14.211501 898931.8512
37320 62.394008 -15.925101 899430.3691
37350 62.677712 -17.637508 899954.4188
37380 62.969159 -19.348590 900502.6620
37410 63.269326 -21.058211 901073.6639
37440 63.579262 -22.766227 901665.8986
37470 63.900095 -24.472490 902277.7535
37500 64.233046 -26.176839 902907.5349
37530 64.579447 -27.879107 903553.4743
37560 64.940750 -29.579112 904213.7336
37590 65.318549 -31.276658 904886.4122
37620 65.714604 -32.971536 905569.5534
37650 66.130861 -34.663513 906261.1514
37680 66.569483 -36.352336 906959.1581
37710 67.032887 -38.037726 907661.4910
37740 67.523781 -39.719369 908366.0402
37770 68.045213 -41.396919 909070.6763
37800 68.600631 -43.069981 909773.2581
37830 69.193947 -44.738110 910471.6400
37860 69.829625 -46.400797 911163.6803
37890 70.512777 -48.057460 911847.2486
37920 71.249283 -49.707424 912520.2335
37950 72.045945 -51.349906 913180.5506
37980 72.910658 -52.983989 913826.1494
38010 73.852639 -54.608597 914455.0209
38040 74.882693 -56.222450 915065.2049
38070 76.013554 -57.824025 915654.7964
38100 77.260291 -59.411491 916221.9528
38130 78.640822 -60.982635 916764.9000
38160 80.176536 -62.534762 917281.9381
38190 81.893041 -64.064566 917771.4481
38220 83.821066 -65.567963 918231.8962
38250 85.997481 -67.039880 918661.8398
38280 88.466404 -68.473971 919059.9315
38310 91.280227 -69.862269 919424.9241
38340 94.500258 -71.194743 919755.6742
38370 98.196338 -72.458776 920051.1456
38400 102.444328 -73.638608 920310.4131
38430 107.319724 -74.714829 920532.6651
38460 112.885134 -75.664180 920717.2058
38490 119.169852 -76.460030 920863.4578
38520 126.142701 -77.074065 920970.9635
38550 133.686087 -77.479558 921039.3867
38580 141.587053 -77.655975 921068.5133
38610 149.561041 -77.593554 921058.2521
38640 157.307701 -77.295810 921008.6354
38670 164.574529 -76.778610 920919.8183
38700 171.197611 -76.066330 920792.0786
38730 177.107000 -75.187032 920625.8160
38760 182.306621 -74.168458 920421.5505
38790 186.846171 -73.035603 920179.9217
38820 190.797000 -71.809726 919901.6857
38850 194.235910 -70.508285 919587.7139
38880 197.236131 -69.145333 919238.9895
38910 199.863204 -67.732070 918856.6050
38940 202.173757 -66.277391 918441.7585
38970 204.215757 -64.788371 917995.7498
39000 206.029407 -63.270653 917519.9764
39030 207.648243 -61.728765 917015.9292
39060 209.100208 -60.166361 916485.1868
39090 210.408608 -58.586410 915929.4113
39120 211.592938 -56.991344 915350.3417
39150 212.669563 -55.383166 914749.7889
39180 213.652279 -53.763537 914129.6285
39210 214.552767 -52.133847 913491.7954
39240 215.380969 -50.495265 912838.2758
39270 216.145382 -48.848781 912171.1014
39300 216.853308 -47.195237 911492.3412
39330 217.511047 -45.535358 910804.0947
39360 218.124063 -43.869768 910108.4841
39390 218.697117 -42.199010 909407.6467
39420 219.234373 -40.523558 908703.7271
39450 219.739493 -38.843829 907998.8696
39480 220.215709 -37.160193 907295.2103
39510 220.665885 -35.472978 906594.8694
39540 221.092571 -33.782479 905899.9434
39570 221.498048 -32.088961 905212.4978
39600 221.884363 -30.392666 904534.5596
39630 222.253360 -28.693813 903868.1098
39660 222.606710 -26.992606 903215.0769
39690 222.945932 -25.289232 902577.3297
39720 223.272412 -23.583866 901956.6708
39750 223.587422 -21.876670 901354.8304
39780 223.892133 -20.167800 900773.4607
39810 224.187632 -18.457400 900214.1299
39840 224.474927 -16.745612 899678.3169
39870 224.754963 -15.032567 899167.4069
39900 225.028626 -13.318395 898682.6864
39930 225.296756 -11.603221 898225.3394
39960 225.560150 -9.887165 897796.4434
39990 225.819571 -8.170347 897396.9664
40020 226.075753 -6.452881 897027.7635
40050 226.329408 -4.734884 896689.5750
40080 226.581228 -3.016468 896383.0238
40110 226.831894 -1.297745 896108.6138
40140 227.082080 0.421173 895866.7288
40170 227.332453 2.140174 895657.6315
40200 227.583685 3.859146 895481.4631
40230 227.836452 5.577977 895338.2433
40260 228.091441 7.296554 895227.8707
40290 228.349357 9.014761 895150.1236
40320 228.610923 10.732481 895104.6612
40350 228.876889 12.449596 895091.0254
40380 229.148039 14.165984 895108.6425
40410 229.425193 15.881520 895156.8265
40440 229.709218 17.596074 895234.7809
40470 230.001035 19.309513 895341.6031
40500 230.301624 21.021696 895476.2874
40530 230.612040 22.732479 895637.7293
40560 230.933418 24.441705 895824.7301
40590 231.266987 26.149214 896036.0018
40620 231.614086 27.854831 896270.1724
40650 231.976179 29.558371 896525.7912
40680 232.354873 31.259633 896801.3350
40710 232.751940 32.958401 897095.2143
40740 233.169344 34.654437 897405.7796
40770 233.609268 36.347482 897731.3287
40800 234.074151 38.037248 898070.1129
40830 234.566728 39.723417 898420.3451
40860 235.090080 41.405630 898780.2065
40890 235.647693 43.083487 899147.8545
40920 236.243524 44.756530 899521.4300
40950 236.882092 46.424241 899899.0653
40980 237.568574 48.086023 900278.8919
41010 238.308932 49.741187 900659.0477
41040 239.110061 51.388935 901037.6850
41070 239.979977 53.028330 901412.9781
41100 240.928041 54.658270 901783.1305
41130 241.965236 56.277452 902146.3822
41160 243.104517 57.884318 902501.0168
41190 244.361230 59.476997 902845.3683
41220 245.753634 61.053227 903177.8279
41250 247.303547 62.610247 903496.8500
41280 249.037116 64.144675 903800.9586
41310 250.985737 65.652323 904088.7526
41340 253.187112 67.127988 904358.9115
41370 255.686373 68.565152 904610.2004
41400 258.537123 69.955625 904841.4745
41430 261.802046 71.289087 905051.6833
41460 265.552411 72.552550 905239.8748
41490 269.865295 73.729787 905405.1988
41520 274.816673 74.800832 905546.9101
41550 280.468044 75.741810 905664.3710
41580 286.844882 76.525510 905757.0540
41610 293.908586 77.123241 905824.5432
41640 301.530827 77.508318 905866.5361
41670 309.487053 77.660844 905882.8446
41700 317.484458 77.572263 905873.3958
41730 325.221246 77.247593 905838.2318
41760 332.450384 76.704097 905777.5103
41790 339.017310 75.967144 905691.5033
41820 344.861576 75.065301 905580.5965
41850 349.994463 74.026419 905445.2879
41880 354.470321 72.875359 905286.1862
41910 358.362894 71.633135 905104.0080
41940 1.749864 70.316929 904899.5760
41970 4.704454 68.940536 904673.8153
42000 7.291748 67.514931 904427.7505
42030 9.567740 66.048825 904162.5017
42060 11.579728 64.549140 903879.2803
42090 13.367280 63.021401 903579.3844
42120 14.963367 61.470039 903264.1942
42150 16.395438 59.898634 902935.1662
42180 17.686382 58.310098 902593.8282
42210 18.855338 56.706814 902241.7726
42240 19.918375 55.090749 901880.6508
42270 20.889036 53.463538 901512.1665
42300 21.778795 51.826546 901138.0688
42330 22.597416 50.180927 900760.1450
42360 23.353247 48.527655 900380.2140
42390 24.053464 46.867564 900000.1183
42420 24.704261 45.201371 899621.7167
42450 25.311011 43.529695 899246.8769
42480 25.878397 41.853074 898877.4676
42510 26.410518 40.171980 898515.3509
42540 26.910978 38.486828 898162.3745
42570 27.382958 36.797987 897820.3644
42600 27.829282 35.105787 897491.1167
42630 28.252462 33.410521 897176.3912
42660 28.654747 31.712457 896877.9031
42690 29.038155 30.011837 896597.3166
42720 29.404507 28.308884 896336.2379
42750 29.755452 26.603802 896096.2084
42780 30.092490 24.896780 895878.6987
42810 30.416991 23.187994 895685.1024
42840 30.730213 21.477611 895516.7304
42870 31.033314 19.765786 895374.8057
42900 31.327369 18.052668 895260.4584
42930 31.613378 16.338398 895174.7207
42960 31.892276 14.623111 895118.5233
42990 32.164943 12.906938 895092.6911
43020 32.432212 11.190004 895097.9401
43050 32.694876 9.472433 895134.8740
43080 32.953692 7.754344 895203.9819
43110 33.209392 6.035855 895305.6361
43140 33.462683 4.317081 895440.0901
43170 33.714258 2.598135 895607.4775
43200 33.964794 0.879130 895807.8110
43230 34.214964 -0.839820 896040.9816
43260 34.465437 -2.558606 896306.7591
43290 34.716883 -4.277115 896604.7919
43320 34.969982 -5.995235 896934.6078
43350 35.225423 -7.712853 897295.6156
43380 35.483910 -9.429855 897687.1062
43410 35.746172 -11.146125 898108.2546
43440 36.012964 -12.861546 898558.1228
43470 36.285073 -14.575997 899035.6620
43500 36.563326 -16.289355 899539.7164
43530 36.848597 -18.001491 900069.0263
43560 37.141815 -19.712274 900622.2325
43590 37.443969 -21.421565 901197.8804
43620 37.756125 -23.129222 901794.4252
43650 38.079429 -24.835091 902410.2366
43680 38.415126 -26.539013 903043.6046
43710 38.764569 -28.240815 903692.7453
43740 39.129241 -29.940313 904355.8067
43770 39.510770 -31.637311 905030.8758
43800 39.910951 -33.331591 905715.9848
43830 40.331774 -35.022920 906409.1183
43860 40.775455 -36.711037 907108.2204
43890 41.244467 -38.395658 907811.2020
43920 41.741587 -40.076461 908515.9485
43950 42.269943 -41.753091 909220.3273
43980 42.833076 -43.425143 909922.1955
44010 43.435006 -45.092160 910619.4079
44040 44.080328 -46.753618 911309.8244
44070 44.774305 -48.408916 911991.3181
44100 45.523000 -50.057358 912661.7827
44130 46.333431 -51.698136 913319.1402
44160 47.213754 -53.330301 913961.3485
44190 48.173500 -54.952736 914586.4084
44220 49.223853 -56.564115 915192.3708
44250 50.378005 -58.162854 915777.3434
44280 51.651587 -59.747050 916339.4978
44310 53.063198 -61.314394 916877.0749
44340 54.635054 -62.862074 917388.3919
44370 56.393776 -64.386634 917871.8471
44400 58.371307 -65.883800 918325.9259
44430 60.605966 -67.348253 918749.2056
44460 63.143550 -68.773336 919140.3596
44490 66.038318 -70.150682 919498.1626
44520 69.353474 -71.469755 919821.4935
44550 73.160451 -72.717319 920109.3398
44580 77.535739 -73.876873 920360.7999
44610 82.553389 -74.928190 920575.0867
44640 88.270918 -75.847220 920751.5295
44670 94.707166 -76.606784 920889.5762
44700 101.814459 -77.178575 920988.7949
44730 109.454749 -77.536770 921048.8752
44760 117.396600 -77.662782 921069.6293
44790 125.346662 -77.549569 921050.9923
44820 133.009805 -77.203469 920993.0223
44850 140.150138 -76.642547 920895.9008
44880 146.624397 -75.892361 920759.9315
44910 152.380551 -74.981191 920585.5398
44940 157.434598 -73.936341 920373.2714
44970 161.842607 -72.782057 920123.7907
45000 165.678169 -71.538773 919837.8786
45030 169.017883 -70.223180 919516.4305
45060 171.933562 -68.848677 919160.4531
45090 174.488889 -67.425931 918771.0616
45120 176.738596 -65.963411 918349.4762
45150 178.728913 -64.467858 917897.0177
45180 180.498532 -62.944654 917415.1039
45210 182.079714 -61.398122 916905.2448
45240 183.499339 -59.831758 916369.0372
45270 184.779838 -58.248406 915808.1600
45300 185.939989 -56.650397 915224.3681
45330 186.995567 -55.039654 914619.4865
45360 187.959883 -53.417778 913995.4042
45390 188.844220 -51.786106 913354.0673
45420 189.658189 -50.145766 912697.4726
45450 190.410016 -48.497714 912027.6600
45480 191.106772 -46.842766 911346.7059
45510 191.754569 -45.181623 910656.7151
45540 192.358710 -43.514891 909959.8137
45570 192.923821 -41.843097 909258.1412
45600 193.453952 -40.166703 908553.8428
45630 193.952669 -38.486114 907849.0618
45660 194.423118 -36.801691 907145.9313
45690 194.868096 -35.113753 906446.5673
45720 195.290089 -33.422591 905753.0603
45750 195.691328 -31.728463 905067.4682
45780 196.073811 -30.031606 904391.8089
45810 196.439347 -28.332236 903728.0528
45840 196.789570 -26.630553 903078.1161
45870 197.125970 -24.926741 902443.8542
45900 197.449908 -23.220973 901827.0548
45930 197.762633 -21.513408 901229.4321
45960 198.065297 -19.804201 900652.6207
45990 198.358969 -18.093494 900098.1703
46020 198.644644 -16.381428 899567.5403
46050 198.923251 -14.668133 899062.0953
46080 199.195669 -12.953737 898583.1003
46110 199.462726 -11.238365 898131.7170
46140 199.725213 -9.522138 897708.9998
46170 199.983884 -7.805172 897315.8929
46200 200.239470 -6.087584 896953.2273
46230 200.492677 -4.369488 896621.7185
46260 200.744196 -2.650998 896321.9641
46290 200.994704 -0.932224 896054.4426
46320 201.244873 0.786721 895819.5121
46350 201.495372 2.505725 895617.4095
46380 201.746874 4.224677 895448.2502
46410 202.000055 5.943464 895312.0281
46440 202.255608 7.661971 895208.6160
46470 202.514238 9.380084 895137.7669
46500 202.776676 11.097686 895099.1148
46530 203.043678 12.814657 895092.1769
46560 203.316034 14.530875 895116.3554
46590 203.594575 16.246212 895170.9405
46620 203.880179 17.960541 895255.1129
46650 204.173776 19.673724 895367.9476
46680 204.476365 21.385622 895508.4177
46710 204.789014 23.096087 895675.3982
46740 205.112877 24.804962 895867.6711
46770 205.449207 26.512084 896083.9300
46800 205.799368 28.217275 896322.7856
46830 206.164851 29.920348 896582.7714
46860 206.547298 31.621098 896862.3494
46890 206.948518 33.319306 897159.9170
46920 207.370520 35.014728 897473.8129
46950 207.815539 36.707101 897802.3242
46980 208.286071 38.396130 898143.6937
